1 -1.67504e-10 -3.57554e-10 -2.61159e-11 -1.67504e-10 1 1.37088e-11 5.68692e-11 -3.57554e-10 1.37088e-11 1 1.19679e-10 0 0 0 1
0.999997 0.000641366 0.0022028 0.809857 -0.000647693 0.999996 0.00287253 -0.00639583 -0.00220095 -0.00287395 0.999993 0.180417 0 0 0 1
0.999994 0.00148273 0.00322137 1.63301 -0.00150072 0.999983 0.00559175 -0.0121779 -0.00321303 -0.00559655 0.999979 0.35861 0 0 0 1
0.999993 0.00226406 0.00309742 2.39362 -0.00228549 0.999973 0.00693064 -0.0279303 -0.00308165 -0.00693767 0.999971 0.537593 0 0 0 1
0.999992 0.00268659 0.00304127 3.17879 -0.00271357 0.999957 0.0089038 -0.0396512 -0.00301722 -0.00891197 0.999956 0.714392 0 0 0 1
0.999989 0.00349765 0.00311433 3.90464 -0.00352577 0.999953 0.00906924 -0.0459221 -0.00308246 -0.00908012 0.999954 0.893647 0 0 0 1
0.999981 0.00425634 0.00444203 4.6381 -0.00429779 0.999947 0.00936434 -0.0532623 -0.00440194 -0.00938326 0.999946 1.07336 0 0 0 1
0.99996 0.00521419 0.00733191 5.3303 -0.00528772 0.999936 0.0100455 -0.0680248 -0.00727906 -0.0100838 0.999923 1.25242 0 0 0 1
0.999911 0.00681562 0.0115021 5.97951 -0.0069294 0.999927 0.00988114 -0.0712677 -0.0114339 -0.00995996 0.999885 1.43508 0 0 0 1
0.99985 0.00822498 0.0152675 6.59628 -0.008364 0.999924 0.00906366 -0.0842188 -0.0151918 -0.00918999 0.999842 1.61739 0 0 0 1
0.999796 0.00943563 0.0178536 7.19251 -0.00958351 0.99992 0.00821547 -0.101428 -0.0177746 -0.0083849 0.999807 1.79837 0 0 0 1
0.999775 0.0109588 0.0181502 7.77759 -0.0111165 0.999901 0.00860989 -0.117544 -0.018054 -0.00880973 0.999798 1.97808 0 0 0 1
0.999792 0.0124687 0.0161447 8.30982 -0.0126278 0.999872 0.00979268 -0.105855 -0.0160206 -0.00999452 0.999822 2.1576 0 0 0 1
0.999822 0.0137438 0.0129479 8.78738 -0.0138708 0.999856 0.00977228 -0.0824489 -0.0128117 -0.00995013 0.999868 2.3416 0 0 0 1
0.99981 0.0156148 0.0117048 9.23661 -0.0157145 0.999841 0.00847231 -0.0769352 -0.0115706 -0.00865464 0.999896 2.52323 0 0 0 1
0.999798 0.0177113 0.00952633 9.66565 -0.0177579 0.999831 0.00482826 -0.0697177 -0.00943921 -0.00499645 0.999943 2.70796 0 0 0 1
0.999772 0.0197027 0.00817936 10.0668 -0.0197237 0.999802 0.00248386 -0.0824108 -0.0081288 -0.00264462 0.999963 2.89046 0 0 0 1
0.999735 0.022026 0.00676135 10.4561 -0.0220719 0.999733 0.00680056 -0.0782848 -0.00660976 -0.006948 0.999954 3.07642 0 0 0 1
0.999665 0.0251337 0.00616112 10.7777 -0.0252031 0.999617 0.0114539 -0.0746795 -0.00587088 -0.0116053 0.999915 3.26481 0 0 0 1
0.999566 0.0285869 0.00714932 11.0716 -0.0286737 0.999513 0.012347 -0.0695865 -0.00679288 -0.0125466 0.999898 3.45321 0 0 0 1
0.999464 0.0318204 0.00776348 11.3486 -0.0318844 0.999457 0.00826687 -0.0897565 -0.00749622 -0.00850997 0.999936 3.63494 0 0 0 1
0.999383 0.0344332 0.00692937 11.5977 -0.0344555 0.999401 0.00312816 -0.110875 -0.00681751 -0.00336499 0.999971 3.81515 0 0 0 1
0.999281 0.036978 0.00842054 11.8222 -0.0369758 0.999316 -0.000407295 -0.137074 -0.00842984 9.56457e-05 0.999964 3.99643 0 0 0 1
0.999166 0.0396539 0.00977693 11.9245 -0.039648 0.999213 -0.000794804 -0.132964 -0.00980076 0.000406504 0.999952 4.19311 0 0 0 1
0.999093 0.0416972 0.00867056 12.0376 -0.0416991 0.99913 4.00191e-05 -0.140353 -0.00866136 -0.000401537 0.999962 4.38134 0 0 0 1
0.999008 0.0439722 0.00707925 12.1351 -0.0439796 0.999032 0.000886697 -0.151008 -0.00703341 -0.00119716 0.999975 4.56721 0 0 0 1
0.998897 0.0465593 0.00614 12.2234 -0.0465789 0.99891 0.00309635 -0.157509 -0.00598914 -0.00337893 0.999976 4.75533 0 0 0 1
0.998816 0.0482897 0.00594881 12.3141 -0.0483256 0.998813 0.00603749 -0.170441 -0.00565021 -0.00631782 0.999964 4.94249 0 0 0 1
0.99876 0.0495691 0.00472906 12.3276 -0.0496047 0.998739 0.00772689 -0.152708 -0.00434008 -0.00795189 0.999959 5.14118 0 0 0 1
0.998666 0.0515486 0.00282336 12.3709 -0.0515671 0.998645 0.00695484 -0.155513 -0.00246102 -0.00709116 0.999972 5.33005 0 0 0 1
0.998591 0.0530457 0.00116365 12.4036 -0.0530515 0.998576 0.00569144 -0.155353 -0.00086009 -0.00574515 0.999983 5.51852 0 0 0 1
0.998533 0.0541445 -2.20743e-05 12.4616 -0.0541438 0.998521 0.00488855 -0.171114 0.000286728 -0.00488018 0.999988 5.70069 0 0 0 1
0.998451 0.0556271 -0.00132715 12.4842 -0.0556188 0.998436 0.00562194 -0.169159 0.0016378 -0.00553942 0.999983 5.89061 0 0 0 1
0.998372 0.0569387 -0.0034161 12.5207 -0.056915 0.998357 0.00666565 -0.177933 0.00379002 -0.00646037 0.999972 6.07687 0 0 0 1
0.998315 0.0577525 -0.0056453 12.5417 -0.0577136 0.99831 0.00681519 -0.180976 0.00602935 -0.0064779 0.999961 6.26571 0 0 0 1
0.998256 0.0584859 -0.0079736 12.5872 -0.0584384 0.998273 0.00605767 -0.197864 0.00831412 -0.00558115 0.99995 6.44903 0 0 0 1
0.998259 0.0581231 -0.0100242 12.6332 -0.0580736 0.998299 0.0051626 -0.214025 0.0103072 -0.00457147 0.999936 6.63234 0 0 0 1
0.998362 0.056073 -0.0113436 12.6737 -0.0560233 0.998419 0.00465263 -0.219541 0.0115866 -0.0040095 0.999925 6.81633 0 0 0 1
0.998514 0.0530753 -0.0123625 12.7017 -0.0530195 0.998582 0.00479951 -0.212328 0.0125997 -0.00413692 0.999912 7.0035 0 0 0 1
0.998704 0.0490523 -0.0135473 12.7491 -0.0489829 0.998785 0.00541142 -0.21628 0.0137963 -0.00474082 0.999894 7.18665 0 0 0 1
0.998949 0.0433962 -0.0147624 12.8021 -0.0433159 0.999045 0.00571178 -0.22338 0.0149962 -0.00506633 0.999875 7.36806 0 0 0 1
0.999202 0.0367518 -0.0156466 12.8547 -0.0366682 0.999312 0.00559586 -0.228755 0.0158415 -0.00501766 0.999862 7.54947 0 0 0 1
0.999426 0.0295348 -0.0165725 12.8858 -0.0294444 0.99955 0.00567135 -0.222066 0.0167326 -0.00518012 0.999847 7.73267 0 0 0 1
0.999614 0.0214078 -0.0177249 12.9169 -0.0213074 0.999756 0.00583254 -0.211525 0.0178455 -0.00545262 0.999826 7.9157 0 0 0 1
0.999751 0.0114114 -0.0191737 12.9755 -0.0113235 0.999925 0.00468314 -0.213248 0.0192257 -0.00446487 0.999805 8.09555 0 0 0 1
0.999777 -0.00150951 -0.0210384 13.0388 0.00157794 0.999994 0.00323606 -0.209214 0.0210334 -0.00326854 0.999773 8.27608 0 0 0 1
0.99958 -0.0173461 -0.0232275 13.1317 0.0174048 0.999846 0.00232808 -0.211481 0.0231835 -0.00273137 0.999727 8.45331 0 0 0 1
0.999026 -0.0367247 -0.0244795 13.2015 0.0368018 0.999319 0.00270712 -0.183968 0.0243634 -0.00360537 0.999697 8.6382 0 0 0 1
0.997988 -0.0584956 -0.0244719 13.3078 0.0585965 0.998276 0.0034281 -0.161019 0.0242292 -0.00485517 0.999695 8.82106 0 0 0 1
0.996349 -0.0820579 -0.0235645 13.4199 0.0821734 0.99661 0.00397575 -0.126888 0.0231584 -0.00589762 0.999714 9.00375 0 0 0 1
0.993816 -0.108749 -0.022431 13.5744 0.108882 0.994043 0.00480776 -0.096764 0.0217746 -0.00722038 0.999737 9.18615 0 0 0 1
0.990112 -0.138697 -0.0209865 13.7247 0.138848 0.990296 0.00589742 -0.0440409 0.0199649 -0.00875305 0.999762 9.36915 0 0 0 1
0.984949 -0.171898 -0.0180829 13.9121 0.172027 0.985075 0.00583791 0.0187232 0.0168094 -0.00886078 0.999819 9.55245 0 0 0 1
0.977878 -0.208643 -0.0148909 14.1183 0.208758 0.977945 0.00662431 0.089804 0.0131804 -0.00958637 0.999867 9.73502 0 0 0 1
0.968593 -0.24844 -0.0102221 14.3109 0.248523 0.968595 0.00780062 0.188656 0.00796309 -0.0100961 0.999917 9.91402 0 0 0 1
0.957022 -0.289924 -0.00722644 14.5449 0.289992 0.956961 0.0114649 0.287089 0.00359148 -0.0130677 0.999908 10.0934 0 0 0 1
0.943255 -0.332036 -0.00473668 14.7832 0.33207 0.94314 0.0147184 0.417374 -0.000419689 -0.0154561 0.99988 10.2739 0 0 0 1
0.926943 -0.3752 -0.000980796 15.0101 0.375161 0.926801 0.0171466 0.567738 -0.00552441 -0.0162619 0.999852 10.4506 0 0 0 1
0.907965 -0.419017 0.0049437 15.269 0.418847 0.907833 0.0201886 0.732489 -0.0129474 -0.0162599 0.999784 10.6307 0 0 0 1
0.886487 -0.462662 0.00919433 15.5178 0.462346 0.886366 0.0243299 0.903428 -0.019406 -0.0173171 0.999662 10.8078 0 0 0 1
0.862161 -0.506528 0.0103431 15.7178 0.506084 0.861997 0.0289943 1.10897 -0.0236022 -0.0197633 0.999526 10.9805 0 0 0 1
0.834697 -0.550602 0.0108892 15.966 0.550061 0.83451 0.0320275 1.32736 -0.0267215 -0.0207435 0.999428 11.1517 0 0 0 1
0.804407 -0.594018 0.00843211 16.1711 0.593433 0.804114 0.0351785 1.5924 -0.0276771 -0.023294 0.999345 11.3192 0 0 0 1
0.771312 -0.636406 0.00802503 16.4104 0.63575 0.770989 0.0373962 1.85082 -0.0299864 -0.0237423 0.999268 11.4825 0 0 0 1
0.734921 -0.678111 0.00749681 16.6473 0.67735 0.734544 0.0405341 2.1291 -0.0329933 -0.0247114 0.99915 11.6432 0 0 0 1
0.696478 -0.71753 0.00835517 16.838 0.716686 0.696145 0.0417636 2.44973 -0.035783 -0.0230994 0.999093 11.8025 0 0 0 1
0.65612 -0.754606 0.00873792 17.0869 0.753755 0.655858 0.0412851 2.7912 -0.0368848 -0.0205017 0.999109 11.9635 0 0 0 1
0.613754 -0.789418 0.0111996 17.3246 0.788561 0.613655 0.0399944 3.16749 -0.038445 -0.0157152 0.999137 12.1239 0 0 0 1
0.569265 -0.822034 0.0140546 17.5204 0.82115 0.569331 0.03967 3.57167 -0.0406118 -0.0110418 0.999114 12.2808 0 0 0 1
0.523011 -0.85221 0.0140777 17.7368 0.851285 0.523117 0.0407862 3.99504 -0.0421227 -0.00934753 0.999069 12.4346 0 0 0 1
0.474091 -0.880396 0.0118194 17.8879 0.879535 0.474162 0.0398507 4.44184 -0.0406887 -0.00849727 0.999136 12.586 0 0 0 1
0.42188 -0.906546 0.0138368 18.082 0.905743 0.422092 0.0383137 4.93495 -0.0405736 -0.0036312 0.99917 12.7367 0 0 0 1
0.368399 -0.929524 0.0163192 18.2597 0.928764 0.368758 0.0376211 5.44048 -0.0409876 0.00129707 0.999159 12.8875 0 0 0 1
0.314564 -0.949093 0.0164994 18.3707 0.948449 0.314963 0.0352431 5.9894 -0.0386457 0.00456269 0.999243 13.0347 0 0 0 1
0.261324 -0.965119 0.015996 18.497 0.964308 0.261765 0.0398621 6.54946 -0.0426589 0.00500812 0.999077 13.1826 0 0 0 1
0.209771 -0.977603 0.0170076 18.6024 0.976578 0.210339 0.0453159 7.13651 -0.0478784 0.00710327 0.998828 13.3313 0 0 0 1
0.160651 -0.986796 0.0206115 18.6655 0.985802 0.161453 0.0461186 7.78158 -0.0488374 0.0129099 0.998723 13.4763 0 0 0 1
0.115888 -0.99304 0.0210148 18.7277 0.992014 0.116777 0.0476682 8.42795 -0.0497905 0.0153228 0.998642 13.6252 0 0 0 1
0.075132 -0.997005 0.0183189 18.7454 0.996033 0.0759119 0.0464375 9.11617 -0.0476891 0.0147573 0.998753 13.7684 0 0 0 1
0.0395625 -0.999109 0.014693 18.7538 0.998327 0.0401436 0.0416185 9.79766 -0.0421713 0.0130218 0.999026 13.9018 0 0 0 1
0.0103593 -0.999888 0.0107949 18.7341 0.999123 0.0107882 0.04047 10.5109 -0.0405819 0.0103662 0.999122 14.0379 0 0 0 1
-0.0111271 -0.999905 0.00815478 18.7088 0.998936 -0.0107507 0.044841 11.2557 -0.044749 0.00864507 0.998961 14.1779 0 0 0 1
-0.0247067 -0.99966 0.00827604 18.6784 0.998412 -0.0242549 0.0508387 12.0588 -0.0506207 0.00951896 0.998673 14.3148 0 0 0 1
-0.0330362 -0.999423 0.00786944 18.638 0.998009 -0.0325641 0.054018 12.8329 -0.0537306 0.00963832 0.998509 14.4522 0 0 0 1
-0.0371503 -0.999271 0.00884533 18.5993 0.997997 -0.0366465 0.051565 13.6391 -0.0512032 0.0107433 0.99863 14.5869 0 0 0 1
-0.037046 -0.999204 0.0147929 18.5629 0.998197 -0.0363009 0.0478073 14.4446 -0.0472322 0.0165373 0.998747 14.7164 0 0 0 1
-0.0336049 -0.99904 0.0280971 18.5445 0.998452 -0.0323121 0.0452648 15.3142 -0.0443135 0.0295747 0.99858 14.8355 0 0 0 1
-0.0282245 -0.999163 0.0296167 18.5113 0.9986 -0.0268581 0.0455632 16.1722 -0.0447296 0.0308613 0.998522 14.9656 0 0 0 1
-0.0225403 -0.999391 0.0266359 18.4752 0.998759 -0.0213264 0.0450118 17.0645 -0.0444163 0.0276175 0.998631 15.1022 0 0 0 1
-0.0194817 -0.999301 0.0319173 18.4509 0.999097 -0.0182521 0.0383743 17.9498 -0.0377649 0.0326361 0.998754 15.2331 0 0 0 1
-0.0170526 -0.999394 0.0303364 18.413 0.999481 -0.0162085 0.0278536 18.888 -0.027345 0.0307956 0.999152 15.3536 0 0 0 1
-0.0156421 -0.999622 0.022601 18.3668 0.999685 -0.0151917 0.0199627 19.815 -0.0196118 0.0229062 0.999545 15.4893 0 0 0 1
-0.0167838 -0.999713 0.0170839 18.3224 0.999733 -0.0165075 0.0161926 20.7652 -0.015906 0.0173511 0.999723 15.6258 0 0 0 1
-0.0201455 -0.999763 0.00820934 18.2699 0.999542 -0.0199543 0.022736 21.7362 -0.0225668 0.00866361 0.999708 15.7753 0 0 0 1
-0.0244145 -0.999701 0.00103583 18.2149 0.999236 -0.0243715 0.0305675 22.7304 -0.0305332 0.00178134 0.999532 15.92 0 0 0 1
-0.0293578 -0.999569 -0.000110239 18.1599 0.998771 -0.0293387 0.0399535 23.7578 -0.0399396 0.00106285 0.999201 16.0475 0 0 0 1
-0.0313056 -0.999508 -0.00184105 18.1023 0.998278 -0.0313583 0.049565 24.7984 -0.0495983 -0.000286218 0.998769 16.1706 0 0 0 1
-0.0325448 -0.99947 -0.000915519 18.048 0.997755 -0.0325426 0.0585252 25.8443 -0.058524 0.000991237 0.998285 16.2886 0 0 0 1
-0.0339663 -0.999423 0.000858204 17.9957 0.997615 -0.0338532 0.060153 26.883 -0.0600892 0.00289934 0.998189 16.4013 0 0 0 1
-0.0358468 -0.999357 -0.000619682 17.9359 0.99775 -0.0358243 0.0566719 27.9225 -0.0566577 0.00141322 0.998393 16.5257 0 0 0 1
-0.038265 -0.999267 -0.000779915 17.8836 0.997903 -0.0382535 0.0522082 29.0359 -0.0521998 0.00121947 0.998636 16.3439 0 0 0 1
-0.0429987 -0.999075 -0.000551443 17.8284 0.99796 -0.0429768 0.0472126 30.1584 -0.0471927 0.00147977 0.998885 16.0851 0 0 0 1
-0.0487289 -0.998812 -0.000618618 17.765 0.997925 -0.0487118 0.0421022 31.2414 -0.0420823 0.00143427 0.999113 15.9401 0 0 0 1
-0.055304 -0.998468 -0.00150784 17.6954 0.997692 -0.0553204 0.0393679 32.348 -0.0393911 0.000672849 0.999224 15.7056 0 0 0 1
-0.0617934 -0.998088 -0.00170135 17.6172 0.997178 -0.0618098 0.042619 33.446 -0.0426427 0.000937032 0.99909 15.5637 0 0 0 1
-0.0684827 -0.997647 -0.00331404 17.5267 0.9965 -0.0685628 0.0478219 34.574 -0.0479366 -2.74651e-05 0.99885 15.3482 0 0 0 1
-0.0743561 -0.997208 -0.00681517 17.43 0.995911 -0.0746075 0.050948 35.6861 -0.0513143 -0.002999 0.998678 15.1974 0 0 0 1
-0.0792357 -0.996807 -0.00989756 17.3301 0.995427 -0.0796497 0.0527423 36.8143 -0.0533622 -0.00567322 0.998559 15.0199 0 0 0 1
-0.081794 -0.996539 -0.0148279 17.2223 0.995099 -0.0824872 0.0545282 37.9232 -0.0555626 -0.0102951 0.998402 14.8801 0 0 0 1
-0.0831569 -0.996351 -0.0192473 17.1112 0.994898 -0.0841119 0.0557148 39.0467 -0.0571304 -0.014516 0.998261 14.7173 0 0 0 1
-0.084766 -0.996184 -0.0207812 17.007 0.994761 -0.0858043 0.0555798 40.1498 -0.0571508 -0.0159611 0.998238 14.5839 0 0 0 1
-0.0861971 -0.996055 -0.0210886 16.9013 0.99469 -0.0872351 0.054605 41.2481 -0.0562293 -0.0162699 0.998285 14.4562 0 0 0 1
-0.0872193 -0.995941 -0.0222178 16.7917 0.994641 -0.0883051 0.0537782 42.3475 -0.0555219 -0.0174082 0.998306 14.3202 0 0 0 1
-0.0880647 -0.995812 -0.024537 16.6805 0.994583 -0.0892683 0.0532614 43.4476 -0.0552288 -0.0197136 0.998279 14.2095 0 0 0 1
-0.0888759 -0.995638 -0.028386 16.5414 0.994611 -0.0902397 0.0510513 44.5464 -0.0533902 -0.0236958 0.998293 14.0796 0 0 0 1
-0.089209 -0.995453 -0.0333931 16.4047 0.99481 -0.0906986 0.0461234 45.6505 -0.0489423 -0.0291051 0.998377 13.9828 0 0 0 1
-0.0885277 -0.995435 -0.0356786 16.2668 0.994927 -0.0900871 0.0447658 46.76 -0.0477756 -0.0315346 0.99836 13.8694 0 0 0 1
-0.086741 -0.995548 -0.0368915 16.1445 0.9949 -0.0884792 0.0484291 47.8752 -0.0514776 -0.0325025 0.998145 13.7843 0 0 0 1
-0.0849446 -0.995652 -0.0382201 15.9921 0.994805 -0.0869071 0.053007 48.9732 -0.0560982 -0.0335189 0.997862 13.6838 0 0 0 1
-0.0839767 -0.995849 -0.0351092 15.8657 0.994962 -0.0857338 0.0519595 50.0829 -0.0547539 -0.0305689 0.998032 13.5913 0 0 0 1
-0.0821922 -0.996028 -0.0342526 15.7269 0.995154 -0.0838846 0.05131 51.2085 -0.0539795 -0.0298694 0.998095 13.4925 0 0 0 1
-0.0784406 -0.996179 -0.0383981 15.5857 0.995398 -0.0803895 0.0521565 52.33 -0.0550441 -0.0341302 0.9979 13.4091 0 0 0 1
-0.073268 -0.996359 -0.0435843 15.426 0.995748 -0.0755301 0.0527411 53.4595 -0.0558411 -0.0395348 0.997657 13.3173 0 0 0 1
-0.0677633 -0.996586 -0.0471536 15.2756 0.996142 -0.070223 0.052624 54.5656 -0.0557556 -0.0434057 0.9975 13.2288 0 0 0 1
-0.0626349 -0.996854 -0.0485788 15.1082 0.99652 -0.0651482 0.0520042 55.685 -0.0550054 -0.0451524 0.997465 13.126 0 0 0 1
-0.0575008 -0.997197 -0.0478657 14.9771 0.996907 -0.0599245 0.0508436 56.8073 -0.0535694 -0.0447941 0.997559 13.0396 0 0 0 1
-0.052738 -0.997545 -0.0460755 14.8624 0.997177 -0.0550763 0.0510457 57.939 -0.0534581 -0.0432534 0.997633 12.957 0 0 0 1
-0.048064 -0.99783 -0.0449979 14.7518 0.997409 -0.0503604 0.0513729 59.0775 -0.0535275 -0.0424121 0.997665 12.8736 0 0 0 1
-0.042877 -0.998135 -0.043458 14.6626 0.99757 -0.0451622 0.0530433 60.2189 -0.054907 -0.0410781 0.997646 12.7982 0 0 0 1
-0.0380174 -0.998285 -0.0445264 14.567 0.997741 -0.040391 0.0536808 61.3698 -0.0553872 -0.042385 0.997565 12.707 0 0 0 1
-0.0329442 -0.998481 -0.044156 14.491 0.997896 -0.0353287 0.0543566 62.5097 -0.0558341 -0.0422724 0.997545 12.6249 0 0 0 1
-0.0285072 -0.998653 -0.0433634 14.4141 0.998299 -0.0306506 0.049593 63.645 -0.0508553 -0.0418759 0.997828 12.5383 0 0 0 1
-0.0245998 -0.998784 -0.0427238 14.3569 0.998668 -0.0264905 0.0442668 64.7865 -0.0453447 -0.0415779 0.998106 12.4654 0 0 0 1
-0.0214743 -0.998868 -0.0424489 14.3033 0.998814 -0.0232901 0.0427534 65.946 -0.0436936 -0.0414804 0.998183 12.3908 0 0 0 1
-0.0185128 -0.998936 -0.0422478 14.2378 0.998743 -0.0204452 0.0457741 67.137 -0.0465892 -0.0413472 0.998058 12.3128 0 0 0 1
-0.0168746 -0.998979 -0.0419027 14.1636 0.998771 -0.0187943 0.0458511 68.3474 -0.0465919 -0.0410775 0.998069 12.2323 0 0 0 1
-0.0162046 -0.998915 -0.0436494 14.0999 0.998809 -0.0181814 0.0452784 69.5457 -0.0460229 -0.0428637 0.99802 12.1622 0 0 0 1
-0.0156954 -0.998861 -0.0450491 14.0341 0.998765 -0.0177859 0.046387 70.743 -0.0471354 -0.0442654 0.997907 12.0974 0 0 0 1
-0.0148207 -0.998845 -0.045695 13.9839 0.998779 -0.0169427 0.0464079 71.9424 -0.0471285 -0.0449514 0.997877 12.0253 0 0 0 1
-0.0139632 -0.998835 -0.0461952 13.9558 0.998891 -0.0160116 0.0442728 73.1569 -0.0449609 -0.0455257 0.997951 11.962 0 0 0 1
-0.0136875 -0.998915 -0.0445089 13.9279 0.998951 -0.0156059 0.0430441 74.3953 -0.043692 -0.0438731 0.998081 11.9015 0 0 0 1
-0.0137684 -0.999075 -0.0407282 13.9095 0.998951 -0.0155229 0.0430792 75.5882 -0.0436716 -0.0400923 0.998241 11.8516 0 0 0 1
-0.014034 -0.999148 -0.0388227 13.8887 0.998943 -0.0157099 0.0432073 76.7828 -0.0437804 -0.0381753 0.998312 11.804 0 0 0 1
-0.013969 -0.999175 -0.0381409 13.8661 0.998823 -0.0157158 0.0458895 77.9774 -0.046451 -0.037455 0.998218 11.7494 0 0 0 1
-0.0137364 -0.999072 -0.0408234 13.8362 0.998632 -0.0157675 0.049855 79.1795 -0.0504524 -0.0400827 0.997922 11.6898 0 0 0 1
-0.0131682 -0.998981 -0.0431771 13.799 0.998627 -0.0153285 0.0500904 80.3644 -0.0507012 -0.0424582 0.997811 11.6346 0 0 0 1
-0.013121 -0.998941 -0.0440972 13.7555 0.998743 -0.0152269 0.0477645 81.5415 -0.0483854 -0.043415 0.997885 11.5762 0 0 0 1
-0.013229 -0.998939 -0.0441165 13.7271 0.99886 -0.0152262 0.0452463 82.7289 -0.04587 -0.0434677 0.998001 11.5226 0 0 0 1
-0.0136528 -0.999024 -0.042019 13.711 0.998879 -0.0155316 0.044715 83.9516 -0.045324 -0.0413614 0.998116 11.4705 0 0 0 1
-0.0137265 -0.999088 -0.0404304 13.6951 0.998802 -0.0155998 0.0463893 85.1582 -0.0469777 -0.0397452 0.998105 11.421 0 0 0 1
-0.0134878 -0.999119 -0.0397396 13.6771 0.998674 -0.0154353 0.0491156 86.3591 -0.0496858 -0.0390244 0.998002 11.3708 0 0 0 1
-0.013025 -0.999106 -0.0402129 13.653 0.998561 -0.0150889 0.0514542 87.5592 -0.052015 -0.0394849 0.997865 11.3175 0 0 0 1
-0.0129208 -0.999041 -0.0418284 13.6215 0.998528 -0.0150952 0.0520932 88.7559 -0.0526747 -0.0410937 0.997766 11.2581 0 0 0 1
-0.0129081 -0.999063 -0.0413067 13.5961 0.998636 -0.0149708 0.0500237 89.9618 -0.0505953 -0.0406047 0.997893 11.1946 0 0 0 1
-0.012958 -0.999131 -0.0396251 13.5696 0.998719 -0.0148706 0.0483597 91.145 -0.048907 -0.0389477 0.998044 11.1389 0 0 0 1
-0.0130855 -0.999191 -0.0380223 13.5355 0.998677 -0.014951 0.0492025 92.3196 -0.0497312 -0.0373281 0.998065 11.0916 0 0 0 1
-0.0130749 -0.999263 -0.0360933 13.5099 0.998516 -0.0149564 0.052361 93.4889 -0.0528623 -0.0353551 0.997976 11.0431 0 0 0 1
-0.0129307 -0.999317 -0.0346067 13.4835 0.99838 -0.0148211 0.0549379 94.6626 -0.0554133 -0.0338402 0.99789 10.9888 0 0 0 1
-0.0126009 -0.999299 -0.0352533 13.4498 0.998306 -0.0145756 0.0563288 95.8272 -0.0568031 -0.0344838 0.99779 10.9289 0 0 0 1
-0.0121695 -0.999223 -0.0374927 13.4067 0.998195 -0.014345 0.0583144 96.9844 -0.058807 -0.0367154 0.997594 10.866 0 0 0 1
-0.0120103 -0.999121 -0.0401524 13.3708 0.998235 -0.0143157 0.0576316 98.1454 -0.0581558 -0.0393893 0.99753 10.8034 0 0 0 1
-0.011786 -0.999017 -0.0427221 13.3326 0.998435 -0.0140934 0.0541171 99.3142 -0.0546661 -0.0420174 0.99762 10.7312 0 0 0 1
-0.0115682 -0.998938 -0.0446009 13.3017 0.998514 -0.0139155 0.0526838 100.482 -0.0532485 -0.0439252 0.997615 10.6547 0 0 0 1
-0.0117724 -0.998957 -0.0441092 13.2774 0.998598 -0.0140224 0.0510516 101.648 -0.0516169 -0.0434464 0.997721 10.5806 0 0 0 1
-0.0118275 -0.999018 -0.0427034 13.2552 0.998669 -0.0139458 0.0496534 102.815 -0.0502002 -0.0420592 0.997853 10.5078 0 0 0 1
-0.011915 -0.999038 -0.0421961 13.2326 0.99857 -0.0140876 0.0515703 103.98 -0.0521152 -0.0415213 0.997778 10.4387 0 0 0 1
-0.0117075 -0.999088 -0.0410715 13.2095 0.998414 -0.0139422 0.0545527 105.152 -0.0550756 -0.0403677 0.997666 10.3691 0 0 0 1
-0.0122018 -0.998924 -0.0447474 13.1877 0.99846 -0.0145939 0.0535264 106.326 -0.0541218 -0.0440254 0.997563 10.2957 0 0 0 1
-0.0125227 -0.998697 -0.0494732 13.1651 0.998389 -0.0152263 0.0546542 107.515 -0.0553363 -0.048709 0.997279 10.2189 0 0 0 1
-0.012569 -0.998532 -0.0526825 13.1372 0.998436 -0.0154032 0.0537419 108.696 -0.0544745 -0.0519246 0.997164 10.1508 0 0 0 1
-0.0128217 -0.998493 -0.0533646 13.111 0.998612 -0.0155134 0.0503358 109.885 -0.0510878 -0.0526452 0.997306 10.0818 0 0 0 1
-0.0137282 -0.998464 -0.0536768 13.0876 0.998818 -0.0161972 0.0458364 111.072 -0.0466354 -0.0529841 0.997506 10.0177 0 0 0 1
-0.0147215 -0.998618 -0.0504474 13.0686 0.998839 -0.0170019 0.0450759 112.271 -0.0458713 -0.0497252 0.997709 9.95712 0 0 0 1
-0.0155171 -0.998818 -0.0460611 13.0521 0.998841 -0.017584 0.0448107 113.478 -0.0455677 -0.0453124 0.997933 9.90008 0 0 0 1
-0.0161267 -0.998861 -0.0449048 13.03 0.998772 -0.0181967 0.0460785 114.692 -0.0468431 -0.0441065 0.997928 9.84092 0 0 0 1
-0.0167456 -0.998866 -0.0445586 13.0061 0.998558 -0.018981 0.0502258 115.912 -0.0510147 -0.0436532 0.997743 9.78362 0 0 0 1
-0.0175264 -0.99892 -0.0430237 12.9847 0.998522 -0.0197013 0.0506568 117.134 -0.0514497 -0.0420723 0.997789 9.72101 0 0 0 1
-0.0181663 -0.998923 -0.0426882 12.9656 0.998725 -0.0201413 0.0462989 118.36 -0.0471088 -0.0417927 0.998015 9.6527 0 0 0 1
-0.0190262 -0.998901 -0.042836 12.9426 0.998888 -0.0208392 0.042283 119.588 -0.0431292 -0.0419839 0.998187 9.59048 0 0 0 1
-0.0201601 -0.998905 -0.0422296 12.9196 0.998927 -0.0218856 0.0408058 120.826 -0.0416853 -0.0413616 0.998274 9.53374 0 0 0 1
-0.0206028 -0.998846 -0.0433892 12.8927 0.998873 -0.0224205 0.0418322 122.077 -0.0427568 -0.0424784 0.998182 9.47922 0 0 0 1
-0.0207869 -0.998614 -0.0483441 12.8598 0.998655 -0.0230363 0.0464461 123.336 -0.0474954 -0.0473136 0.99775 9.42323 0 0 0 1
-0.0206719 -0.998308 -0.0543491 12.8215 0.998461 -0.0234118 0.0502679 124.596 -0.0514553 -0.0532264 0.997256 9.36596 0 0 0 1
-0.0204284 -0.997904 -0.0614063 12.7817 0.998479 -0.0235084 0.0498615 125.855 -0.0512005 -0.0602944 0.996867 9.30239 0 0 0 1
-0.0201778 -0.997686 -0.0649264 12.7448 0.998589 -0.0233009 0.0477094 127.114 -0.0491119 -0.0638721 0.996749 9.24147 0 0 0 1
-0.0206693 -0.99755 -0.0668359 12.7115 0.998638 -0.0238021 0.0464218 128.374 -0.0478989 -0.0657854 0.996683 9.18283 0 0 0 1
-0.0212496 -0.997491 -0.0675357 12.6817 0.998626 -0.0244131 0.0463679 129.632 -0.0479003 -0.0664576 0.996639 9.12889 0 0 0 1
-0.022009 -0.997625 -0.0652739 12.6629 0.998662 -0.0249942 0.0452764 130.892 -0.0468003 -0.06419 0.99684 9.07539 0 0 0 1
-0.0224937 -0.997606 -0.0653892 12.6179 0.998634 -0.0255064 0.0456087 132.145 -0.0471674 -0.064274 0.996817 9.01896 0 0 0 1
-0.0229474 -0.997597 -0.0653798 12.5714 0.99837 -0.0262855 0.0506622 133.414 -0.052259 -0.0641107 0.996574 8.95212 0 0 0 1
-0.0234852 -0.997617 -0.0648705 12.5148 0.998081 -0.0271157 0.0556638 134.69 -0.0572902 -0.0634388 0.99634 8.87637 0 0 0 1
-0.0238202 -0.997614 -0.0647994 12.4557 0.998179 -0.0273266 0.0537749 135.952 -0.0554173 -0.0634005 0.996448 8.79761 0 0 0 1
-0.0234053 -0.997627 -0.0647486 12.4001 0.99828 -0.0268041 0.0521315 137.225 -0.0537433 -0.0634171 0.996539 8.71517 0 0 0 1
-0.0224081 -0.997695 -0.0640508 12.3538 0.9983 -0.0257779 0.0522784 138.485 -0.053809 -0.0627705 0.996576 8.64466 0 0 0 1
-0.0216661 -0.997694 -0.064318 12.307 0.998359 -0.0250015 0.0515146 139.748 -0.0530038 -0.0630964 0.996599 8.57319 0 0 0 1
-0.0209469 -0.99773 -0.0639981 12.2662 0.998304 -0.0243503 0.0528709 141.005 -0.0543092 -0.0627822 0.996548 8.50741 0 0 0 1
-0.0198883 -0.997663 -0.0653698 12.2354 0.998087 -0.0236396 0.0571226 142.268 -0.0585345 -0.0641087 0.996225 8.43125 0 0 0 1
-0.0184128 -0.997597 -0.0667898 12.2026 0.998036 -0.0223393 0.0585267 143.52 -0.0598782 -0.065581 0.996049 8.35647 0 0 0 1
-0.0175642 -0.997459 -0.0690392 12.169 0.998205 -0.0214475 0.0559153 144.769 -0.0572539 -0.0679332 0.996046 8.27995 0 0 0 1
-0.0177025 -0.997535 -0.0679025 12.1399 0.998394 -0.0212909 0.0524915 146.009 -0.0538078 -0.0668643 0.99631 8.20936 0 0 0 1
-0.0180298 -0.997719 -0.0650477 12.1152 0.998479 -0.0213573 0.0508271 147.253 -0.0521004 -0.0640324 0.996587 8.14259 0 0 0 1
-0.0183601 -0.997793 -0.0638131 12.1008 0.998499 -0.0215926 0.0503411 148.504 -0.0516079 -0.062793 0.996691 8.07175 0 0 0 1
-0.0186975 -0.997959 -0.0610551 12.0826 0.998489 -0.0217939 0.0504498 149.746 -0.0516774 -0.0600195 0.996859 8.00471 0 0 0 1
-0.0190563 -0.998084 -0.0588596 12.0642 0.998519 -0.0219994 0.0497649 150.988 -0.0509644 -0.0578241 0.997025 7.93971 0 0 0 1
-0.0188701 -0.998114 -0.05842 12.0391 0.998519 -0.0217953 0.0498463 152.224 -0.0510255 -0.0573929 0.997047 7.87568 0 0 0 1
-0.0191507 -0.998261 -0.0557493 12.0186 0.998411 -0.0220492 0.0518499 153.466 -0.052989 -0.0546678 0.997098 7.80927 0 0 0 1
-0.0195046 -0.998383 -0.0534003 11.9945 0.998315 -0.022367 0.0535412 154.703 -0.054649 -0.052266 0.997137 7.74341 0 0 0 1
-0.0197959 -0.998507 -0.0509073 11.9742 0.99839 -0.022449 0.0520823 155.939 -0.0531474 -0.0497944 0.997344 7.67379 0 0 0 1
-0.0203516 -0.998437 -0.0520554 11.9468 0.998369 -0.0230728 0.0522197 157.169 -0.0533392 -0.0509078 0.997278 7.60821 0 0 0 1
-0.0200695 -0.998407 -0.0527367 11.9184 0.998107 -0.0230749 0.0570111 158.406 -0.0581372 -0.0514927 0.99698 7.54105 0 0 0 1
-0.0192356 -0.998106 -0.058428 11.8823 0.997721 -0.0229423 0.0634476 159.639 -0.064668 -0.0570744 0.996273 7.47288 0 0 0 1
-0.0175335 -0.997866 -0.0629006 11.8469 0.997719 -0.0215634 0.0639724 160.869 -0.0651922 -0.0616355 0.995967 7.39666 0 0 0 1
-0.0162263 -0.997648 -0.066602 11.8132 0.997994 -0.0202363 0.0599829 162.089 -0.0611896 -0.0654951 0.995975 7.32012 0 0 0 1
-0.0148147 -0.997559 -0.0682323 11.7787 0.998322 -0.0185769 0.0548382 163.302 -0.055972 -0.0673055 0.996161 7.24476 0 0 0 1
-0.0140755 -0.997401 -0.0706607 11.7305 0.998465 -0.0178057 0.052441 164.521 -0.0535629 -0.0698141 0.996121 7.16479 0 0 0 1
-0.0134826 -0.997705 -0.0663508 11.6945 0.998571 -0.0168663 0.0507029 165.739 -0.0517056 -0.0655724 0.996507 7.09359 0 0 0 1
-0.0138578 -0.997976 -0.0620627 11.6598 0.998835 -0.0166859 0.0452834 166.954 -0.0462273 -0.0613629 0.997044 7.02125 0 0 0 1
-0.0143559 -0.998288 -0.0566934 11.6445 0.998906 -0.0168422 0.0436244 168.159 -0.0445046 -0.0560051 0.997438 6.96509 0 0 0 1
-0.0154457 -0.998461 -0.0532633 11.6368 0.998864 -0.0178097 0.0441996 169.355 -0.0450802 -0.0525201 0.997602 6.91344 0 0 0 1
-0.0145978 -0.99844 -0.0538953 11.6165 0.99849 -0.0174109 0.0520988 170.563 -0.0529559 -0.0530534 0.997187 6.86188 0 0 0 1
-0.0128092 -0.99835 -0.0559673 11.5981 0.998357 -0.0158956 0.0550546 171.766 -0.0558534 -0.0551701 0.996914 6.80395 0 0 0 1
-0.011061 -0.998344 -0.0564552 11.5798 0.998561 -0.0139906 0.0517647 172.966 -0.0524688 -0.0558014 0.997062 6.74077 0 0 0 1
-0.0101735 -0.998243 -0.0583712 11.5631 0.998627 -0.013143 0.0507157 174.169 -0.0513938 -0.0577751 0.997006 6.67868 0 0 0 1
-0.00924832 -0.998315 -0.0572937 11.5494 0.998521 -0.0122892 0.052952 175.372 -0.0535669 -0.0567193 0.996952 6.62203 0 0 0 1
-0.00869696 -0.998365 -0.0564864 11.5359 0.99861 -0.0116083 0.0514192 176.563 -0.0519908 -0.0559607 0.997078 6.56348 0 0 0 1
-0.00715811 -0.998377 -0.056497 11.5238 0.99871 -0.00997841 0.0497963 177.736 -0.0502793 -0.0560676 0.99716 6.50551 0 0 0 1
-0.00540609 -0.998291 -0.0581869 11.509 0.998646 -0.00840069 0.0513442 178.885 -0.0517453 -0.0578306 0.996984 6.4541 0 0 0 1
-0.00385441 -0.998294 -0.0582529 11.499 0.998551 -0.0069692 0.0533619 180.003 -0.0536769 -0.0579628 0.996875 6.40696 0 0 0 1
-0.00332984 -0.998256 -0.0589372 11.4905 0.998468 -0.00657386 0.054934 181.091 -0.0552257 -0.058664 0.996749 6.3593 0 0 0 1
-0.00298276 -0.998224 -0.059497 11.4837 0.998388 -0.00634509 0.0564038 182.156 -0.0566812 -0.0592329 0.996634 6.31035 0 0 0 1
-0.00304028 -0.998282 -0.0585079 11.4778 0.998317 -0.00641836 0.0576361 183.196 -0.0579127 -0.0582342 0.996622 6.25952 0 0 0 1
-0.00281339 -0.998266 -0.0587911 11.4726 0.998363 -0.0061625 0.0568629 184.205 -0.0571266 -0.0585349 0.996649 6.20768 0 0 0 1
-0.00140061 -0.998228 -0.059482 11.4644 0.998373 -0.00478703 0.0568275 185.179 -0.0570115 -0.0593057 0.996611 6.15728 0 0 0 1
0.000224983 -0.998188 -0.0601633 11.4592 0.99837 -0.00321002 0.0569918 186.127 -0.0570817 -0.060078 0.99656 6.10919 0 0 0 1
-0.000512946 -0.998241 -0.0592833 11.4611 0.998448 -0.00381275 0.0555618 187.062 -0.0556901 -0.0591628 0.996694 6.06421 0 0 0 1
-0.00373817 -0.998378 -0.0568188 11.4672 0.998581 -0.00674501 0.0528206 187.996 -0.0531181 -0.0565408 0.996986 6.01969 0 0 0 1
-0.00886199 -0.998362 -0.0565166 11.4607 0.998711 -0.0116616 0.0494001 188.917 -0.0499783 -0.056006 0.997179 5.97385 0 0 0 1
-0.0138519 -0.998199 -0.0583682 11.4448 0.998794 -0.0165623 0.0462108 189.837 -0.0470943 -0.0576578 0.997225 5.92696 0 0 0 1
-0.0179345 -0.998012 -0.0604225 11.4247 0.998779 -0.0206654 0.04488 190.76 -0.0460394 -0.0595438 0.997163 5.88103 0 0 0 1
-0.0206708 -0.997833 -0.0624688 11.401 0.998678 -0.0235487 0.0456903 191.673 -0.0470624 -0.0614417 0.997001 5.83516 0 0 0 1
-0.0225273 -0.99783 -0.0618685 11.381 0.998567 -0.0254625 0.0470715 192.592 -0.0485447 -0.0607195 0.996974 5.78741 0 0 0 1
-0.0242747 -0.997972 -0.0588399 11.3609 0.998428 -0.0271758 0.0490174 193.503 -0.0505171 -0.0575575 0.997063 5.74034 0 0 0 1
-0.025653 -0.998019 -0.0574498 11.3384 0.998363 -0.0285161 0.0495841 194.41 -0.0511241 -0.0560837 0.997116 5.69348 0 0 0 1
-0.0267014 -0.997986 -0.0575356 11.3093 0.998369 -0.0295288 0.0488666 195.313 -0.0504672 -0.0561369 0.997147 5.64645 0 0 0 1
-0.0274708 -0.997879 -0.0590212 11.2836 0.998408 -0.0302991 0.0475727 196.216 -0.0492601 -0.0576204 0.997122 5.59511 0 0 0 1
-0.0272709 -0.99764 -0.0630203 11.2509 0.99844 -0.0302566 0.0469183 197.117 -0.0487143 -0.0616425 0.996909 5.54674 0 0 0 1
-0.0264722 -0.997502 -0.0654911 11.2224 0.998553 -0.0294536 0.044986 198.024 -0.0468026 -0.0642055 0.996839 5.49865 0 0 0 1
-0.0256631 -0.997489 -0.0660049 11.1928 0.998685 -0.0285129 0.0426027 198.931 -0.0443778 -0.0648248 0.996909 5.45142 0 0 0 1
-0.0253106 -0.997524 -0.0656084 11.1664 0.998821 -0.0279532 0.0396783 199.844 -0.0414141 -0.0645268 0.997056 5.40467 0 0 0 1
-0.0245212 -0.997547 -0.0655596 11.142 0.998857 -0.0271387 0.0393368 200.761 -0.0410196 -0.0645201 0.997073 5.35742 0 0 0 1
-0.0239436 -0.997676 -0.0637942 11.1195 0.998777 -0.0266332 0.0416493 201.689 -0.0432516 -0.062719 0.997094 5.31094 0 0 0 1
-0.0238633 -0.997713 -0.0632411 11.0969 0.99867 -0.0266824 0.0441138 202.624 -0.0457004 -0.0621043 0.997023 5.26525 0 0 0 1
-0.0233097 -0.998004 -0.0586969 11.0757 0.998821 -0.0257494 0.0411572 203.557 -0.0425864 -0.0576683 0.997427 5.21947 0 0 0 1
-0.0238634 -0.998161 -0.0557329 11.0671 0.999011 -0.0259024 0.0361547 204.496 -0.0375318 -0.054815 0.997791 5.17112 0 0 0 1
-0.0230867 -0.997954 -0.0596172 11.0487 0.998988 -0.025331 0.037167 205.447 -0.0386011 -0.0586988 0.997529 5.11917 0 0 0 1
-0.0213625 -0.997846 -0.0620293 11.0359 0.99889 -0.0239073 0.0405765 206.414 -0.041972 -0.0610936 0.997249 5.07683 0 0 0 1
-0.0194898 -0.998011 -0.0599459 11.0211 0.99891 -0.021981 0.041184 207.377 -0.0424198 -0.0590779 0.997352 5.02938 0 0 0 1
-0.0173395 -0.998177 -0.0578093 11.0523 0.998941 -0.0197591 0.0415487 208.375 -0.0426152 -0.0570277 0.997463 4.96347 0 0 0 1
-0.0152763 -0.998129 -0.0592112 11.0577 0.998762 -0.0180365 0.0463653 209.371 -0.0473465 -0.0584296 0.997168 4.90828 0 0 0 1
-0.0134185 -0.998338 -0.0560428 11.0778 0.998576 -0.0162737 0.050805 210.382 -0.0516326 -0.0552813 0.997135 4.8413 0 0 0 1
-0.0121599 -0.998413 -0.0549872 11.0871 0.99855 -0.0150092 0.0517058 211.388 -0.0524491 -0.0542787 0.997147 4.77623 0 0 0 1
-0.00986107 -0.998285 -0.0576991 11.1037 0.998561 -0.0128731 0.0520664 212.42 -0.0527199 -0.0571026 0.996975 4.72503 0 0 0 1
-0.00661994 -0.998146 -0.0605047 11.119 0.998506 -0.00987969 0.0537366 213.465 -0.0542348 -0.0600586 0.99672 4.68588 0 0 0 1
-0.00291178 -0.998102 -0.0615175 11.1397 0.998493 -0.00627285 0.0545136 214.519 -0.0547961 -0.0612661 0.996616 4.64395 0 0 0 1
0.00026979 -0.997933 -0.0642681 11.1399 0.998633 -0.00309038 0.0521785 215.547 -0.0522693 -0.0641944 0.996568 4.58989 0 0 0 1
0.0029558 -0.997944 -0.064022 11.1194 0.998794 -0.000191417 0.0490965 216.547 -0.0490079 -0.0640899 0.99674 4.52656 0 0 0 1
0.00450128 -0.998003 -0.063007 11.108 0.998862 0.00149559 0.0476702 217.573 -0.0474808 -0.0631499 0.996874 4.47414 0 0 0 1
0.00626232 -0.997974 -0.0633096 11.1067 0.998749 0.00310128 0.0499054 218.631 -0.049608 -0.063543 0.996745 4.4295 0 0 0 1
0.00776271 -0.997829 -0.0654026 11.0921 0.998574 0.00428007 0.053222 219.677 -0.0528265 -0.0657224 0.996439 4.38258 0 0 0 1
0.00919447 -0.997798 -0.0656809 11.0691 0.998552 0.00567995 0.0534966 220.724 -0.0530058 -0.0660777 0.996406 4.34583 0 0 0 1
0.00972242 -0.997876 -0.0644185 11.0481 0.998714 0.00648401 0.050291 221.774 -0.0497665 -0.0648246 0.996655 4.31016 0 0 0 1
0.0096373 -0.998047 -0.0617267 11.0403 0.998844 0.00670034 0.0476115 222.835 -0.0471049 -0.0621142 0.996957 4.26519 0 0 0 1
0.00923648 -0.998177 -0.0596371 11.0167 0.998913 0.00648545 0.0461594 223.903 -0.0456885 -0.0599986 0.997152 4.25516 0 0 0 1
0.00940663 -0.998136 -0.0602974 11.0022 0.998946 0.00667054 0.0454184 224.985 -0.0449316 -0.0606611 0.997147 4.22408 0 0 0 1
0.00966178 -0.998172 -0.0596673 10.9836 0.998961 0.00697691 0.0450428 226.092 -0.0445442 -0.0600405 0.997202 4.20232 0 0 0 1
0.0096697 -0.998009 -0.062328 10.9681 0.998883 0.0067574 0.0467679 227.205 -0.0462536 -0.0627107 0.996959 4.17081 0 0 0 1
0.00946334 -0.997955 -0.063216 10.9764 0.998802 0.00639853 0.0485091 228.328 -0.0480055 -0.0635994 0.99682 4.1697 0 0 0 1
0.00890539 -0.997933 -0.0636453 10.9824 0.998725 0.00571415 0.0501483 229.453 -0.049681 -0.0640108 0.996712 4.151 0 0 0 1
0.00841748 -0.997893 -0.0643248 10.9865 0.998654 0.00509601 0.0516267 230.589 -0.0511901 -0.0646727 0.996593 4.12446 0 0 0 1
0.00789401 -0.997747 -0.0666265 10.9878 0.998559 0.00432809 0.0534966 231.734 -0.0530877 -0.0669527 0.996343 4.09783 0 0 0 1
0.00676364 -0.997578 -0.0692212 10.9859 0.998628 0.00314397 0.0522672 232.88 -0.051923 -0.0694798 0.996231 4.06158 0 0 0 1
0.00543162 -0.997677 -0.0679077 10.9878 0.998847 0.00217327 0.0479642 234.03 -0.0477052 -0.0680899 0.996538 4.02656 0 0 0 1
0.00349203 -0.997877 -0.0650268 10.9889 0.999145 0.000802843 0.0413353 235.186 -0.0411954 -0.0651156 0.997027 3.98766 0 0 0 1
0.00113742 -0.998176 -0.0603622 10.9964 0.999325 -0.00108135 0.0367122 236.356 -0.0367106 -0.0603633 0.997501 3.95267 0 0 0 1
-0.00126937 -0.998522 -0.054334 10.9999 0.999334 -0.00324891 0.0363602 237.535 -0.036483 -0.0542516 0.997861 3.91584 0 0 0 1
-0.00351987 -0.99876 -0.0496571 11.0009 0.999159 -0.00554163 0.0406357 238.727 -0.0408605 -0.0494723 0.997939 3.88234 0 0 0 1
-0.00555675 -0.998854 -0.0475378 10.9923 0.999039 -0.00761232 0.0431696 239.919 -0.0434821 -0.0472523 0.997936 3.84127 0 0 0 1
-0.00779914 -0.998931 -0.0455719 10.9855 0.999052 -0.0097357 0.0424284 241.118 -0.0428267 -0.0451978 0.99806 3.79569 0 0 0 1
-0.0100867 -0.998899 -0.045819 10.9746 0.999019 -0.0120429 0.0426201 242.326 -0.043125 -0.0453442 0.99804 3.74994 0 0 0 1
-0.0121191 -0.998909 -0.0451092 10.9635 0.998919 -0.0141197 0.0442987 243.536 -0.0448873 -0.0445236 0.997999 3.70888 0 0 0 1
-0.0144137 -0.998917 -0.0442287 10.9504 0.998879 -0.0163797 0.0444152 244.75 -0.0450916 -0.0435389 0.998034 3.66702 0 0 0 1
-0.016714 -0.998879 -0.0442837 10.9295 0.998907 -0.0186158 0.0428868 245.972 -0.0436631 -0.0435184 0.998098 3.62086 0 0 0 1
-0.0188531 -0.998851 -0.0440501 10.9061 0.998889 -0.0207201 0.0423193 247.197 -0.0431834 -0.0432033 0.998133 3.57321 0 0 0 1
-0.0212225 -0.998773 -0.0447427 10.8752 0.998791 -0.023165 0.0433529 248.436 -0.0443362 -0.0437685 0.998057 3.52307 0 0 0 1
-0.0233762 -0.998701 -0.0452664 10.844 0.998711 -0.0253695 0.0439719 249.679 -0.0450632 -0.0441802 0.998007 3.4733 0 0 0 1
-0.0257387 -0.99858 -0.0466499 10.8054 0.998614 -0.0278262 0.0446647 250.926 -0.0458994 -0.0454357 0.997912 3.42196 0 0 0 1
-0.0279539 -0.998432 -0.0484963 10.7517 0.998463 -0.0302118 0.0464676 252.166 -0.0478599 -0.0471228 0.997742 3.37472 0 0 0 1
-0.0294286 -0.998306 -0.0502008 10.6951 0.998385 -0.0317978 0.0470678 253.402 -0.0485843 -0.0487346 0.997629 3.31912 0 0 0 1
-0.0302783 -0.998138 -0.0529414 10.6389 0.998316 -0.0328204 0.0478253 254.657 -0.0494739 -0.0514042 0.997452 3.26535 0 0 0 1
-0.030138 -0.998086 -0.0539935 10.5912 0.998295 -0.0327578 0.0483115 255.916 -0.0499878 -0.0524455 0.997372 3.21678 0 0 0 1
-0.0302712 -0.998146 -0.0528106 10.5394 0.998355 -0.0327667 0.0470451 257.165 -0.0486883 -0.0512996 0.997496 3.16351 0 0 0 1
-0.0304316 -0.9983 -0.0497119 10.4922 0.99844 -0.03269 0.0452667 258.411 -0.0468149 -0.0482568 0.997737 3.1066 0 0 0 1
-0.0305254 -0.998323 -0.0491865 10.4535 0.998425 -0.0327717 0.0455284 259.669 -0.047064 -0.0477193 0.997751 3.05284 0 0 0 1
-0.0305993 -0.998331 -0.0489681 10.4181 0.998383 -0.0328755 0.0463732 260.932 -0.0479057 -0.04747 0.997723 3.00678 0 0 0 1
-0.0303443 -0.998379 -0.048159 10.3757 0.998398 -0.0325768 0.0462704 262.189 -0.0477643 -0.0466778 0.997767 2.97344 0 0 0 1
-0.0298481 -0.998411 -0.0477996 10.3337 0.99839 -0.0320864 0.0467657 263.444 -0.0482251 -0.0463268 0.997762 2.94031 0 0 0 1
-0.0297236 -0.99852 -0.0455445 10.2922 0.998318 -0.0319245 0.0483844 264.692 -0.0497668 -0.0440298 0.99779 2.90169 0 0 0 1
-0.0301073 -0.99871 -0.0409006 10.257 0.998216 -0.032153 0.0503173 265.953 -0.0515674 -0.0393127 0.997895 2.8609 0 0 0 1
-0.0300825 -0.998828 -0.0379147 10.2173 0.998033 -0.0321023 0.0538402 267.208 -0.0549943 -0.0362205 0.997829 2.8138 0 0 0 1
-0.0299914 -0.998906 -0.0358824 10.1771 0.997906 -0.0319808 0.0562196 268.462 -0.0573057 -0.0341212 0.997773 2.76494 0 0 0 1
-0.0299995 -0.998899 -0.0360714 10.1316 0.997965 -0.0319637 0.0551697 269.702 -0.056262 -0.034343 0.997825 2.71037 0 0 0 1
-0.0299278 -0.998832 -0.0379241 10.0842 0.998084 -0.0319177 0.0529996 270.94 -0.0541481 -0.0362653 0.997874 2.65518 0 0 0 1
-0.0299992 -0.998601 -0.0435404 10.0207 0.997929 -0.0324015 0.0555615 272.187 -0.0568946 -0.0417835 0.997505 2.60182 0 0 0 1
-0.0296102 -0.998325 -0.0496989 9.94957 0.997526 -0.0326845 0.0622324 273.437 -0.0637526 -0.0477332 0.996824 2.55047 0 0 0 1
-0.0293369 -0.998107 -0.054052 9.88388 0.997511 -0.0327023 0.0624668 274.675 -0.0641162 -0.0520849 0.996582 2.49041 0 0 0 1
-0.0294574 -0.998125 -0.0536618 9.82521 0.997937 -0.0324311 0.055414 275.903 -0.0570504 -0.0519187 0.99702 2.42817 0 0 0 1
-0.0304576 -0.998255 -0.0505798 9.77111 0.998228 -0.0329669 0.0495414 277.123 -0.0511224 -0.0489813 0.997491 2.3566 0 0 0 1
-0.0309648 -0.998497 -0.0452293 9.72656 0.998268 -0.033159 0.0485955 278.35 -0.0500222 -0.0436462 0.997794 2.28404 0 0 0 1
-0.0301398 -0.998675 -0.0417027 9.68833 0.998212 -0.0322283 0.0503495 279.588 -0.0516269 -0.0401106 0.997861 2.21344 0 0 0 1
-0.0284715 -0.998769 -0.0406298 9.64658 0.998176 -0.0305721 0.0520511 280.821 -0.0532292 -0.0390738 0.997818 2.14824 0 0 0 1
-0.0272519 -0.998753 -0.04183 9.61121 0.998079 -0.0295149 0.0544726 282.06 -0.0556393 -0.0402651 0.997639 2.07477 0 0 0 1
-0.0262628 -0.998729 -0.0430185 9.5748 0.997998 -0.028672 0.0563785 283.293 -0.0575403 -0.0414517 0.997482 1.99996 0 0 0 1
