1 -1.67504e-10 -3.57554e-10 -2.60753e-11 -1.67504e-10 1 1.37088e-11 5.69012e-11 -3.57554e-10 1.37088e-11 1 1.19677e-10 0 0 0 1
0.999998 -0.00161143 -0.000987961 0.565313 0.00160948 0.999997 -0.00196771 -0.00528468 0.000991128 0.00196612 0.999998 0.00576673 0 0 0 1
0.999994 -0.0027268 -0.00233663 1.12754 0.00272098 0.999993 -0.00248857 -0.0044859 0.0023434 0.00248219 0.999994 0.0143089 0 0 0 1
0.999983 -0.00454494 -0.00355641 1.68918 0.00453588 0.999986 -0.0025513 0.00274243 0.00356796 0.00253513 0.99999 0.0293196 0 0 0 1
0.999964 -0.00654661 -0.00547482 2.25122 0.00652101 0.999968 -0.00468132 0.00801035 0.00550529 0.00464545 0.999974 0.0429047 0 0 0 1
0.999938 -0.00809955 -0.00758967 2.81593 0.00804513 0.999942 -0.00717333 0.0114923 0.00764733 0.00711184 0.999945 0.0535783 0 0 0 1
0.999919 -0.00948736 -0.00851364 3.39019 0.00941622 0.999921 -0.0083574 0.0190679 0.00859226 0.00827656 0.999929 0.0661613 0 0 0 1
0.999911 -0.0108591 -0.00775275 3.96958 0.0107925 0.999905 -0.00858189 0.0292261 0.0078452 0.00849746 0.999933 0.0818151 0 0 0 1
0.999896 -0.012015 -0.00796467 4.55645 0.0119443 0.999889 -0.00887527 0.0419686 0.00807043 0.00877922 0.999929 0.102992 0 0 0 1
0.999859 -0.0131964 -0.0104135 5.15069 0.0131098 0.999879 -0.00834571 0.0545072 0.0105224 0.00820802 0.999911 0.121171 0 0 0 1
0.999795 -0.0143264 -0.0143318 5.7514 0.0142323 0.999877 -0.00664677 0.0708933 0.0144252 0.00644144 0.999875 0.138895 0 0 0 1
0.999716 -0.0155247 -0.0181029 6.36394 0.0154338 0.999868 -0.00515018 0.0868327 0.0181804 0.00486932 0.999823 0.153101 0 0 0 1
0.999681 -0.0166969 -0.0189279 6.98971 0.0166297 0.999855 -0.00369747 0.103646 0.0189869 0.00338152 0.999814 0.168032 0 0 0 1
0.999763 -0.0177914 -0.0125293 7.63828 0.0177777 0.999841 -0.00120608 0.122753 0.0125488 0.000983056 0.999921 0.183964 0 0 0 1
0.999824 -0.0186498 -0.00192361 8.3037 0.0186495 0.999826 -0.000205789 0.141234 0.00192712 0.000169879 0.999998 0.200998 0 0 0 1
0.999797 -0.0194205 0.00529357 8.98067 0.0194162 0.999811 0.00086754 0.159643 -0.00530942 -0.000764581 0.999986 0.218714 0 0 0 1
0.999771 -0.0207003 0.0053391 9.66436 0.0206831 0.999781 0.00324445 0.181259 -0.00540509 -0.00313328 0.99998 0.233112 0 0 0 1
0.999767 -0.021469 -0.00205948 10.3557 0.0214799 0.999755 0.00541823 0.205098 0.00194265 -0.00546121 0.999983 0.237494 0 0 0 1
0.999708 -0.0223427 -0.00917037 11.0658 0.0223863 0.999738 0.00468249 0.224206 0.00906335 -0.00488641 0.999947 0.236277 0 0 0 1
0.999683 -0.0236773 -0.00857546 11.8 0.0236993 0.999716 0.00248036 0.238561 0.0085143 -0.0026828 0.99996 0.237879 0 0 0 1
0.999707 -0.0241862 0.00126186 12.5611 0.024184 0.999706 0.00173206 0.248913 -0.00130338 -0.00170104 0.999998 0.241795 0 0 0 1
0.999653 -0.0246764 0.00922181 13.3382 0.0246641 0.999695 0.00144622 0.261389 -0.00925468 -0.00121827 0.999956 0.244035 0 0 0 1
0.999612 -0.0251425 0.0120228 14.1273 0.0251374 0.999684 0.000571434 0.276325 -0.0120334 -0.000268989 0.999928 0.243959 0 0 0 1
0.999617 -0.0253534 0.011079 14.9309 0.0253723 0.999677 -0.00156964 0.288884 -0.0110356 0.00185014 0.999937 0.239344 0 0 0 1
0.999651 -0.0250303 0.00843612 15.7519 0.0250512 0.999683 -0.00237895 0.305482 -0.00837391 0.00258945 0.999962 0.233112 0 0 0 1
0.999691 -0.0243658 0.00490586 16.5845 0.0243666 0.999703 -0.000111958 0.317804 -0.00490168 0.000231464 0.999988 0.22786 0 0 0 1
0.999728 -0.0233271 -0.000334094 17.4305 0.0233261 0.999724 -0.00278981 0.323922 0.00039908 0.00278125 0.999996 0.22701 0 0 0 1
0.999722 -0.0226758 -0.00647449 18.2901 0.0226391 0.999728 -0.00568154 0.324808 0.00660156 0.00553338 0.999963 0.232617 0 0 0 1
0.999692 -0.0214601 -0.0124852 19.1714 0.0213965 0.999758 -0.00520374 0.336199 0.0125938 0.004935 0.999908 0.238656 0 0 0 1
0.999685 -0.0211966 -0.0134453 20.0723 0.0211452 0.999769 -0.00395311 0.346451 0.013526 0.00366756 0.999902 0.251885 0 0 0 1
0.999687 -0.0214539 -0.0128765 20.9926 0.02141 0.999764 -0.00353979 0.357951 0.0129494 0.00326299 0.999911 0.270459 0 0 0 1
0.999676 -0.0213883 -0.0138357 21.927 0.0213582 0.999769 -0.00231934 0.369255 0.0138821 0.00202308 0.999902 0.291361 0 0 0 1
0.999646 -0.0211839 -0.0160682 22.8798 0.0211924 0.999775 0.000359315 0.385468 0.016057 -0.000699711 0.999871 0.31265 0 0 0 1
0.999632 -0.0211571 -0.0170022 23.8514 0.0212264 0.999767 0.00390592 0.396914 0.0169156 -0.00426538 0.999848 0.334375 0 0 0 1
0.999636 -0.0210449 -0.0168652 24.8274 0.0211434 0.99976 0.00568376 0.412985 0.0167416 -0.00603828 0.999842 0.357667 0 0 0 1
0.999633 -0.0212615 -0.0167695 25.8102 0.0213738 0.99975 0.00654627 0.429394 0.0166261 -0.0069023 0.999838 0.381132 0 0 0 1
0.999627 -0.0214479 -0.0168898 26.7977 0.0215615 0.999746 0.00657388 0.445809 0.0167445 -0.0069356 0.999836 0.405037 0 0 0 1
0.999638 -0.0218107 -0.0157532 27.799 0.0219286 0.999733 0.00735523 0.463982 0.0155886 -0.00769801 0.999849 0.430691 0 0 0 1
0.999659 -0.022129 -0.0138674 28.8066 0.022242 0.99972 0.00804867 0.482472 0.0136854 -0.00835437 0.999871 0.455732 0 0 0 1
0.999668 -0.0224819 -0.0126099 29.8211 0.0225926 0.999707 0.00870344 0.501757 0.0124105 -0.00898543 0.999883 0.480485 0 0 0 1
0.999657 -0.0225209 -0.0133471 30.8422 0.0226364 0.999707 0.00856534 0.520198 0.0131503 -0.00886454 0.999874 0.504731 0 0 0 1
0.999637 -0.0226723 -0.014551 31.8707 0.0228138 0.999693 0.00963541 0.541033 0.0143281 -0.00996388 0.999848 0.527508 0 0 0 1
0.99964 -0.0230222 -0.0137964 32.9069 0.0231536 0.999687 0.00943637 0.561581 0.0135748 -0.00975241 0.99986 0.552586 0 0 0 1
0.999657 -0.0237515 -0.0110681 33.9542 0.0238485 0.999678 0.00872307 0.581232 0.0108574 -0.00898403 0.999901 0.577115 0 0 0 1
0.99968 -0.0241371 -0.00759454 35.0096 0.0242048 0.999667 0.00895797 0.602702 0.00737579 -0.00913893 0.999931 0.600588 0 0 0 1
0.999683 -0.0246838 -0.00501949 36.0729 0.0247289 0.999652 0.0091306 0.625065 0.00479237 -0.00925183 0.999946 0.621801 0 0 0 1
0.999672 -0.0252241 -0.0044007 37.1358 0.0252632 0.99964 0.00906009 0.64993 0.00417058 -0.00916829 0.999949 0.642439 0 0 0 1
0.999655 -0.0255866 -0.00596553 38.2075 0.0256367 0.999635 0.00848229 0.666789 0.00574632 -0.00863229 0.999946 0.655808 0 0 0 1
0.999644 -0.0259274 -0.00629812 39.283 0.0259817 0.999625 0.00869342 0.677404 0.00607035 -0.00885396 0.999942 0.666259 0 0 0 1
0.999635 -0.0264767 -0.00542698 40.3598 0.0265221 0.999612 0.00847178 0.697429 0.00520057 -0.00861262 0.999949 0.684946 0 0 0 1
0.999622 -0.0272744 -0.00333612 41.4376 0.0273017 0.999592 0.00842695 0.720862 0.00310492 -0.00851485 0.999959 0.706978 0 0 0 1
0.999611 -0.0278795 -0.0010204 42.5134 0.0278872 0.999575 0.00854573 0.747088 0.000781714 -0.00857086 0.999963 0.72862 0 0 0 1
0.999598 -0.0283622 -0.000494657 43.5877 0.0283657 0.999547 0.0100336 0.775223 0.000209855 -0.0100436 0.99995 0.750697 0 0 0 1
0.999578 -0.0286994 -0.00458191 44.6525 0.0287474 0.999529 0.0107625 0.808143 0.00427087 -0.0108897 0.999932 0.763691 0 0 0 1
0.999546 -0.0287115 -0.00912927 45.7142 0.0288217 0.99951 0.0121782 0.844976 0.00877514 -0.0124358 0.999884 0.772852 0 0 0 1
0.999536 -0.0288636 -0.00969975 46.7869 0.028988 0.999496 0.0129469 0.87956 0.00932117 -0.0132221 0.999869 0.788926 0 0 0 1
0.999564 -0.0286948 -0.00693558 47.8657 0.0287836 0.9995 0.0130653 0.911601 0.00655721 -0.0132593 0.999891 0.805802 0 0 0 1
0.999582 -0.0285442 -0.00466725 48.9424 0.028607 0.999493 0.0139969 0.94413 0.00426536 -0.0141246 0.999891 0.820376 0 0 0 1
0.999589 -0.0284906 -0.00330788 50.0187 0.0285279 0.999523 0.0118594 0.971288 0.00296842 -0.0119489 0.999924 0.832126 0 0 0 1
0.999599 -0.0281627 -0.00300689 51.0975 0.0281991 0.99952 0.0128262 1.00238 0.00264422 -0.0129058 0.999913 0.844883 0 0 0 1
0.9996 -0.0276865 -0.00581819 52.1677 0.0277473 0.999558 0.0106484 1.03069 0.00552081 -0.0108056 0.999926 0.853317 0 0 0 1
0.999585 -0.0275599 -0.0083523 53.2408 0.0276573 0.999548 0.0117753 1.06335 0.00802399 -0.0120015 0.999896 0.861126 0 0 0 1
0.99957 -0.0274433 -0.0103223 54.3146 0.0275547 0.999562 0.0108153 1.09419 0.010021 -0.0110951 0.999888 0.874707 0 0 0 1
0.999537 -0.0273754 -0.0132891 55.3806 0.0275018 0.999577 0.00942553 1.13029 0.0130255 -0.00978664 0.999867 0.890172 0 0 0 1
0.999505 -0.0272146 -0.0158183 56.452 0.0273395 0.999596 0.00773858 1.1615 0.0156013 -0.00816721 0.999845 0.910509 0 0 0 1
0.999539 -0.0270944 -0.0137314 57.523 0.0271833 0.99961 0.00632906 1.19647 0.0135546 -0.00669941 0.999886 0.932431 0 0 0 1
0.999603 -0.0271445 -0.00761579 58.6098 0.0271838 0.999617 0.00510729 1.227 0.00747424 -0.00531228 0.999958 0.950286 0 0 0 1
0.999636 -0.0269302 -0.00150309 59.6956 0.026936 0.999629 0.0040026 1.2599 0.00139474 -0.00404163 0.999991 0.961889 0 0 0 1
0.999641 -0.0267936 -0.000143016 60.7785 0.0267939 0.999638 0.00233234 1.28858 8.04708e-05 -0.00233533 0.999997 0.970853 0 0 0 1
0.999643 -0.0265202 -0.00330465 61.8573 0.0265175 0.999648 -0.000831374 1.31294 0.00332553 0.000743446 0.999994 0.973521 0 0 0 1
0.999628 -0.0264583 -0.00655827 62.9349 0.026441 0.999647 -0.00271127 1.33572 0.00662769 0.00253686 0.999975 0.978238 0 0 0 1
0.999596 -0.0264711 -0.0103926 64.0136 0.026465 0.99965 -0.000726588 1.36418 0.0104082 0.000451256 0.999946 0.988529 0 0 0 1
0.999539 -0.0263806 -0.0150566 65.0947 0.0263618 0.999651 -0.00144775 1.39023 0.0150895 0.00105016 0.999886 0.999574 0 0 0 1
0.99954 -0.0257962 -0.0159517 66.1792 0.0258291 0.999665 0.00185473 1.4192 0.0158986 -0.0022659 0.999871 1.01352 0 0 0 1
0.999617 -0.0247898 -0.0123179 67.2714 0.0248737 0.999668 0.00670686 1.45227 0.0121476 -0.00701068 0.999902 1.03233 0 0 0 1
0.999647 -0.0246812 -0.00985419 68.36 0.024762 0.99966 0.00816787 1.48046 0.00964924 -0.008409 0.999918 1.04944 0 0 0 1
0.999645 -0.0248519 -0.00956856 69.4454 0.0249234 0.999662 0.00742896 1.50397 0.0093807 -0.00766481 0.999927 1.06087 0 0 0 1
0.999658 -0.0247036 -0.00861403 70.533 0.0247553 0.999676 0.00594874 1.52571 0.00846429 -0.00615994 0.999945 1.07524 0 0 0 1
0.999661 -0.0250111 -0.00721979 71.6169 0.0250462 0.999675 0.00481837 1.54782 0.00709692 -0.00499757 0.999962 1.08829 0 0 0 1
0.999665 -0.0253311 -0.00535184 72.7009 0.0253487 0.999673 0.00323732 1.57192 0.00526808 -0.00337189 0.99998 1.10623 0 0 0 1
0.999655 -0.0260563 -0.0033664 73.7806 0.0260633 0.999658 0.00205468 1.59998 0.00331171 -0.00214171 0.999992 1.12715 0 0 0 1
0.999636 -0.026635 -0.00440812 74.8547 0.026641 0.999644 0.00131128 1.62741 0.00437162 -0.00142824 0.999989 1.14555 0 0 0 1
0.999598 -0.027118 -0.00829506 75.9234 0.0271308 0.999631 0.00144334 1.65871 0.00825286 -0.00166781 0.999965 1.1627 0 0 0 1
0.999558 -0.0277452 -0.0106985 76.9918 0.0277678 0.999612 0.00197013 1.69065 0.0106397 -0.00226633 0.999941 1.18186 0 0 0 1
0.999559 -0.0282665 -0.00912711 78.0567 0.0283045 0.999591 0.0040629 1.72894 0.00900853 -0.00431944 0.99995 1.2072 0 0 0 1
0.99957 -0.0288908 -0.00504399 79.1276 0.0289165 0.999569 0.00509674 1.76558 0.00489456 -0.00524041 0.999974 1.23149 0 0 0 1
0.999563 -0.0295407 -0.000857655 80.1935 0.0295458 0.999541 0.00665951 1.80325 0.000660534 -0.00668195 0.999977 1.25399 0 0 0 1
0.999551 -0.0299601 0.000221585 81.2544 0.0299574 0.999521 0.00779642 1.83876 -0.000455062 -0.00778629 0.99997 1.26845 0 0 0 1
0.999533 -0.0304689 -0.00209199 82.3091 0.030484 0.999506 0.007598 1.87336 0.00185945 -0.00765823 0.999969 1.27954 0 0 0 1
0.999512 -0.0310874 -0.00315117 83.3561 0.0311099 0.999489 0.00735492 1.90718 0.00292091 -0.00744936 0.999968 1.29337 0 0 0 1
0.999497 -0.0315817 -0.0029166 84.3952 0.0316015 0.999476 0.00702168 1.94092 0.00269331 -0.00711032 0.999971 1.30419 0 0 0 1
0.999475 -0.0322957 -0.00268592 85.4203 0.0323107 0.999461 0.00574689 1.9727 0.00249887 -0.00583066 0.99998 1.31626 0 0 0 1
0.999456 -0.032952 -0.00109952 86.4313 0.0329564 0.999447 0.00433068 2.00538 0.000956207 -0.00436457 0.99999 1.327 0 0 0 1
0.99944 -0.0334332 0.00149366 87.4252 0.0334261 0.999431 0.00453248 2.041 -0.00164435 -0.00448001 0.999989 1.3396 0 0 0 1
0.999404 -0.0344077 0.00286519 88.3974 0.0343968 0.999401 0.00377952 2.07622 -0.00299352 -0.00367871 0.999989 1.35269 0 0 0 1
0.999332 -0.0364251 0.00291876 89.3503 0.0364171 0.999333 0.00275212 2.11484 -0.00301706 -0.00264399 0.999992 1.36856 0 0 0 1
0.999209 -0.0396889 0.00235134 90.2808 0.0396845 0.99921 0.00187 2.15291 -0.00242371 -0.00177521 0.999995 1.38413 0 0 0 1
0.999068 -0.0431291 0.00144566 91.1861 0.0431263 0.999068 0.00189651 2.19531 -0.00152611 -0.0018324 0.999997 1.40008 0 0 0 1
0.99893 -0.0462218 0.00127686 92.0708 0.0462198 0.99893 0.0015217 2.2371 -0.00134583 -0.00146106 0.999998 1.41554 0 0 0 1
0.998775 -0.0494039 0.00277538 92.9318 0.0493968 0.998776 0.00256913 2.28631 -0.00289891 -0.00242888 0.999993 1.4392 0 0 0 1
0.998617 -0.0524511 0.0036347 93.7703 0.0524381 0.998618 0.0035834 2.33523 -0.00381763 -0.00338785 0.999987 1.4569 0 0 0 1
0.998451 -0.0554037 0.005135 94.5838 0.0553807 0.998455 0.00452979 2.38877 -0.00537804 -0.00423839 0.999976 1.47431 0 0 0 1
0.99829 -0.0581485 0.00590877 95.3691 0.0581129 0.998292 0.00602608 2.44163 -0.00624909 -0.0056724 0.999964 1.48715 0 0 0 1
0.998142 -0.060592 0.00637936 96.1279 0.0605395 0.998133 0.00812718 2.49967 -0.00685989 -0.00772588 0.999947 1.5044 0 0 0 1
0.99798 -0.0633026 0.00529782 96.854 0.0632473 0.997948 0.0100172 2.5569 -0.00592106 -0.00966186 0.999936 1.52225 0 0 0 1
0.997829 -0.0658354 0.00176746 97.5506 0.0658112 0.997767 0.0113942 2.61299 -0.00251366 -0.0112531 0.999933 1.53971 0 0 0 1
0.997665 -0.0682523 -0.00229497 98.2143 0.0682774 0.997573 0.0136859 2.66869 0.00135531 -0.0138106 0.999904 1.55426 0 0 0 1
0.997505 -0.0704074 -0.00516387 98.8503 0.0704805 0.99739 0.0156945 2.72204 0.00404538 -0.0160193 0.999863 1.57284 0 0 0 1
0.997428 -0.0713814 -0.00650732 99.4551 0.0714845 0.997292 0.0173008 2.77251 0.00525474 -0.0177215 0.999829 1.59378 0 0 0 1
0.997487 -0.0705804 -0.00611096 100.038 0.0706888 0.997301 0.0198442 2.82282 0.00469386 -0.0202263 0.999784 1.61505 0 0 0 1
0.997684 -0.0678686 -0.00456013 100.6 0.0679577 0.99741 0.0235596 2.8714 0.00294937 -0.0238149 0.999712 1.63855 0 0 0 1
0.998036 -0.0625686 -0.00291371 101.138 0.0626238 0.997687 0.0264407 2.91237 0.00125261 -0.0265713 0.999646 1.65905 0 0 0 1
0.99846 -0.0554635 -0.000939267 101.655 0.0554685 0.998086 0.0273244 2.94373 -0.000578042 -0.0273344 0.999626 1.67612 0 0 0 1
0.998938 -0.0460383 0.00186897 102.15 0.0459704 0.998572 0.0272335 2.96597 -0.00312009 -0.0271187 0.999627 1.69005 0 0 0 1
0.9994 -0.0344401 0.00368827 102.623 0.0343288 0.999049 0.0268825 2.98302 -0.0046106 -0.0267398 0.999632 1.70948 0 0 0 1
0.999768 -0.0211245 0.00428218 103.074 0.0210052 0.999436 0.0262047 2.99169 -0.00483333 -0.0261087 0.999647 1.72664 0 0 0 1
0.999973 -0.00616752 0.00408146 103.506 0.0060593 0.999643 0.0260179 2.99191 -0.00424047 -0.0259924 0.999653 1.74643 0 0 0 1
0.99993 0.0116624 0.00184568 103.927 -0.0117045 0.999626 0.0247294 2.98132 -0.00155658 -0.0247493 0.999692 1.76088 0 0 0 1
0.999464 0.0326884 -0.00201757 104.338 -0.0326301 0.999175 0.024184 2.96154 0.00280645 -0.0241052 0.999705 1.77909 0 0 0 1
0.998362 0.056861 -0.00628915 104.739 -0.0567083 0.998143 0.0222428 2.92784 0.00754222 -0.0218498 0.999733 1.79149 0 0 0 1
0.996435 0.0839402 -0.0084518 105.136 -0.0837573 0.996284 0.0200668 2.88147 0.0101048 -0.0192874 0.999763 1.81019 0 0 0 1
0.993488 0.113565 -0.00921963 105.52 -0.113391 0.993395 0.0175553 2.82241 0.0111524 -0.0163956 0.999803 1.82246 0 0 0 1
0.989271 0.145718 -0.010434 105.901 -0.145552 0.989233 0.015258 2.74961 0.0125451 -0.0135756 0.999829 1.8387 0 0 0 1
0.983403 0.18104 -0.0119948 106.265 -0.180888 0.983421 0.0127583 2.66284 0.0141057 -0.0103768 0.999847 1.85416 0 0 0 1
0.975598 0.219208 -0.0125059 106.63 -0.2191 0.975656 0.00947635 2.56002 0.0142787 -0.00650507 0.999877 1.87284 0 0 0 1
0.965786 0.258998 -0.0133446 106.975 -0.258923 0.965872 0.00707252 2.44367 0.014721 -0.00337531 0.999886 1.88629 0 0 0 1
0.953742 0.300309 -0.013795 107.32 -0.300229 0.953837 0.00759465 2.31762 0.0154389 -0.00310168 0.999876 1.90267 0 0 0 1
0.938786 0.344258 -0.0129702 107.656 -0.34415 0.938863 0.00985199 2.17927 0.0155689 -0.00478519 0.999867 1.91494 0 0 0 1
0.921256 0.388788 -0.0114755 107.973 -0.388692 0.921316 0.00975617 2.02338 0.0143656 -0.0045275 0.999887 1.92683 0 0 0 1
0.901416 0.432838 -0.00995834 108.287 -0.432762 0.901464 0.00894585 1.84937 0.0128492 -0.00375434 0.99991 1.93675 0 0 0 1
0.87866 0.477334 -0.0104711 108.575 -0.477277 0.878721 0.00754241 1.66213 0.0128015 -0.00162958 0.999917 1.94638 0 0 0 1
0.853829 0.520411 -0.0121462 108.862 -0.520354 0.853916 0.00771577 1.46231 0.0143872 -0.00026763 0.999896 1.95638 0 0 0 1
0.82665 0.562536 -0.014291 109.126 -0.562458 0.826773 0.00936559 1.25185 0.0170839 0.000296022 0.999854 1.96652 0 0 0 1
0.796442 0.604506 -0.0159068 109.397 -0.60435 0.7966 0.0137895 1.02963 0.0210072 -0.00136922 0.999778 1.97401 0 0 0 1
0.763142 0.646034 -0.0159505 109.646 -0.645755 0.763295 0.0195351 0.793435 0.0247953 -0.00460801 0.999682 1.9782 0 0 0 1
0.726409 0.687111 -0.0144779 109.9 -0.686724 0.726512 0.0242981 0.540284 0.0272139 -0.00770803 0.9996 1.98094 0 0 0 1
0.687366 0.726169 -0.0144136 110.138 -0.725779 0.687486 0.0246642 0.268569 0.0278195 -0.00649221 0.999592 1.98993 0 0 0 1
0.646872 0.762444 -0.0153143 110.342 -0.762139 0.647049 0.0217243 -0.0225671 0.0264727 -0.00238124 0.999647 1.99825 0 0 0 1
0.603206 0.797488 -0.0124932 110.554 -0.797255 0.603333 0.0193325 -0.330341 0.022955 -0.00170121 0.999735 2.00487 0 0 0 1
0.557225 0.830297 -0.0103337 110.733 -0.830115 0.557319 0.0174391 -0.650751 0.0202389 -0.00113935 0.999795 2.01062 0 0 0 1
0.509793 0.860254 -0.00862356 110.911 -0.860126 0.509866 0.0148525 -0.985967 0.0171738 -0.000154373 0.999852 2.01996 0 0 0 1
0.459491 0.88815 -0.00756083 111.053 -0.888096 0.459549 0.00998142 -1.33615 0.0123396 0.00212837 0.999922 2.02854 0 0 0 1
0.408086 0.912938 -0.0033144 111.202 -0.912889 0.408098 0.0094128 -1.69447 0.00994591 -0.000815539 0.99995 2.03859 0 0 0 1
0.357168 0.93404 0.00024648 111.333 -0.933959 0.357134 0.0133067 -2.0625 0.012341 -0.00498292 0.999911 2.04514 0 0 0 1
0.306636 0.951827 0.00039318 111.432 -0.951667 0.306577 0.0184816 -2.44086 0.0174707 -0.00604128 0.999829 2.04761 0 0 0 1
0.259703 0.965689 -8.61191e-05 111.527 -0.965488 0.25965 0.0203844 -2.83803 0.0197074 -0.00521073 0.999792 2.05337 0 0 0 1
0.217628 0.976017 -0.00531736 111.593 -0.975819 0.217691 0.019673 -3.25109 0.0203587 0.000907401 0.999792 2.06142 0 0 0 1
0.181792 0.983258 -0.0124415 111.65 -0.983114 0.182006 0.019019 -3.68216 0.020965 0.00877393 0.999742 2.06882 0 0 0 1
0.150718 0.988429 -0.0170725 111.697 -0.988312 0.151055 0.0205556 -4.12404 0.0228966 0.0137748 0.999643 2.07483 0 0 0 1
0.122339 0.992385 -0.014321 111.751 -0.99228 0.122597 0.0187414 -4.58668 0.0203544 0.0119177 0.999722 2.08836 0 0 0 1
0.0966576 0.995296 -0.00651684 111.802 -0.995199 0.0967452 0.0148265 -5.06899 0.0153872 0.00505247 0.999869 2.10056 0 0 0 1
0.0724694 0.99737 -0.000575613 111.838 -0.997308 0.0724713 0.0111682 -5.56804 0.0111806 -0.000235284 0.999937 2.11212 0 0 0 1
0.0494453 0.998771 -0.00338251 111.854 -0.998745 0.0494706 0.00784419 -6.08835 0.00800189 0.00299041 0.999963 2.12504 0 0 0 1
0.0288465 0.999528 -0.0105311 111.85 -0.999551 0.0289297 0.00783921 -6.62384 0.00814018 0.0103003 0.999914 2.13579 0 0 0 1
0.010535 0.999823 -0.0155871 111.837 -0.999895 0.0106884 0.00979511 -7.17752 0.00995999 0.0154823 0.99983 2.14424 0 0 0 1
-0.00413834 0.999848 -0.0169298 111.831 -0.999874 -0.00387821 0.0153691 -7.7502 0.0153011 0.0169913 0.999739 2.14312 0 0 0 1
-0.0158479 0.999782 -0.0135874 111.826 -0.999673 -0.0155706 0.0202779 -8.3423 0.0200619 0.0139044 0.999702 2.14408 0 0 0 1
-0.0226722 0.999621 -0.0156014 111.807 -0.999532 -0.0223442 0.0208883 -8.96045 0.0205318 0.0160677 0.99966 2.1495 0 0 0 1
-0.0256464 0.999443 -0.0213752 111.777 -0.99954 -0.0252907 0.0167463 -9.6035 0.0161963 0.0217949 0.999631 2.15901 0 0 0 1
-0.0255499 0.999384 -0.0240613 111.754 -0.99956 -0.0251765 0.0156984 -10.2605 0.015083 0.0244518 0.999587 2.16806 0 0 0 1
-0.0238514 0.999438 -0.0235369 111.739 -0.999614 -0.0235062 0.014835 -10.937 0.0142734 0.0238816 0.999613 2.17664 0 0 0 1
-0.0223676 0.999567 -0.0190995 111.731 -0.999648 -0.0220883 0.0147106 -11.6259 0.0142824 0.0194218 0.999709 2.18697 0 0 0 1
-0.0213297 0.999598 -0.0186768 111.715 -0.999641 -0.0210201 0.0166147 -12.3358 0.0162154 0.0190245 0.999687 2.19193 0 0 0 1
-0.0205997 0.999623 -0.0181247 111.698 -0.999647 -0.0202889 0.0171657 -13.0588 0.0167915 0.0184719 0.999688 2.19939 0 0 0 1
-0.0200568 0.999638 -0.0179606 111.68 -0.999664 -0.0197558 0.0167833 -13.7976 0.0164224 0.0182912 0.999698 2.21055 0 0 0 1
-0.0193346 0.999675 -0.0166092 111.67 -0.9997 -0.0190797 0.0153724 -14.5539 0.0150505 0.0169014 0.999744 2.22664 0 0 0 1
-0.0187758 0.999671 -0.0175009 111.656 -0.99973 -0.018531 0.0140471 -15.3196 0.0137181 0.0177599 0.999748 2.24345 0 0 0 1
-0.019333 0.999644 -0.0183954 111.64 -0.999747 -0.0191167 0.0118583 -16.0969 0.0115024 0.01862 0.99976 2.26091 0 0 0 1
-0.0206075 0.999655 -0.0162876 111.625 -0.999738 -0.0204416 0.0102851 -16.8773 0.00994866 0.0164953 0.999814 2.27807 0 0 0 1
-0.0221972 0.999646 -0.0146855 111.606 -0.999714 -0.0220627 0.0092578 -17.664 0.00893053 0.0148868 0.999849 2.29183 0 0 0 1
-0.0235972 0.999577 -0.0169915 111.58 -0.999702 -0.0234869 0.00666673 -18.4622 0.00626484 0.0171438 0.999833 2.30229 0 0 0 1
-0.0248574 0.999493 -0.0198692 111.552 -0.999678 -0.0247509 0.00558949 -19.2685 0.00509489 0.0200017 0.999787 2.31357 0 0 0 1
-0.0268073 0.99952 -0.0155172 111.533 -0.999637 -0.0267597 0.00327062 -20.0852 0.00285382 0.0155993 0.999874 2.32827 0 0 0 1
-0.0277643 0.999533 -0.0127857 111.515 -0.999584 -0.0276609 0.00819647 -20.9027 0.00783898 0.013008 0.999885 2.33837 0 0 0 1
-0.0285253 0.999494 -0.0140944 111.493 -0.999509 -0.0283375 0.013349 -21.7243 0.0129428 0.0144682 0.999811 2.34871 0 0 0 1
-0.0293103 0.999462 -0.0147541 111.473 -0.999462 -0.0290861 0.0151883 -22.5551 0.014751 0.0151914 0.999776 2.36389 0 0 0 1
-0.0302545 0.999479 -0.0112484 111.46 -0.999461 -0.0301068 0.0130783 -23.3939 0.0127328 0.011638 0.999851 2.38299 0 0 0 1
-0.0308946 0.999489 -0.00823401 111.45 -0.999485 -0.0308208 0.00893546 -24.2358 0.00867711 0.00850582 0.999926 2.40574 0 0 0 1
-0.0307321 0.999505 -0.00670823 111.431 -0.999523 -0.0307115 0.00314859 -25.0802 0.00294102 0.00680181 0.999973 2.42501 0 0 0 1
-0.0305591 0.999526 -0.00367287 111.418 -0.99953 -0.0305677 -0.00232008 -25.9259 -0.00243125 0.00360025 0.999991 2.44008 0 0 0 1
-0.0304175 0.999537 -0.000641968 111.405 -0.999531 -0.0304196 -0.00366074 -26.7643 -0.00367857 0.000530321 0.999993 2.45583 0 0 0 1
-0.0295122 0.99956 -0.00288943 111.383 -0.999563 -0.0295077 0.00160668 -27.595 0.00152071 0.00293559 0.999995 2.47279 0 0 0 1
-0.0285276 0.99958 -0.00517529 111.356 -0.999505 -0.028456 0.0134058 -28.4153 0.0132529 0.00555518 0.999897 2.48442 0 0 0 1
-0.0280953 0.999579 -0.00725014 111.331 -0.999404 -0.0279433 0.0202823 -29.2377 0.0200711 0.00781565 0.999768 2.50069 0 0 0 1
-0.0267425 0.999605 -0.00865032 111.307 -0.999542 -0.0266161 0.014413 -30.0698 0.0141771 0.0090318 0.999859 2.52623 0 0 0 1
-0.0253949 0.999611 -0.0115453 111.281 -0.999661 -0.0253255 0.00611668 -30.9017 0.00582191 0.0116968 0.999915 2.55239 0 0 0 1
-0.0247641 0.999605 -0.0133129 111.256 -0.999689 -0.0247218 0.00333058 -31.7235 0.00300015 0.0133913 0.999906 2.57264 0 0 0 1
-0.0247291 0.999617 -0.0124256 111.237 -0.999688 -0.0246823 0.00390601 -32.5365 0.00359782 0.0125183 0.999915 2.58964 0 0 0 1
-0.025433 0.999632 -0.00942432 111.22 -0.999667 -0.0253895 0.00470729 -33.3488 0.00446628 0.0095409 0.999945 2.60628 0 0 0 1
-0.0273168 0.999599 -0.00745957 111.2 -0.999615 -0.0272793 0.00508122 -34.155 0.0048757 0.00759551 0.999959 2.6219 0 0 0 1
-0.0292593 0.999549 -0.00674614 111.177 -0.999563 -0.0292293 0.00450471 -34.9593 0.0043055 0.006875 0.999967 2.63964 0 0 0 1
-0.0313723 0.99949 -0.00599047 111.155 -0.999495 -0.0313409 0.00526707 -35.7592 0.00507664 0.0061527 0.999968 2.65871 0 0 0 1
-0.0333993 0.999434 -0.0041026 111.135 -0.999428 -0.0333766 0.00547386 -36.5555 0.00533384 0.00428308 0.999977 2.67566 0 0 0 1
-0.0354201 0.99937 -0.00203112 111.114 -0.999362 -0.0354102 0.00472037 -37.3503 0.00464548 0.00219703 0.999987 2.69058 0 0 0 1
-0.0374498 0.999295 -0.00252247 111.089 -0.999294 -0.0374418 0.00314536 -38.1409 0.00304871 0.00263849 0.999992 2.71104 0 0 0 1
-0.0394326 0.99922 -0.00224129 111.061 -0.999218 -0.039426 0.00288123 -38.924 0.00279062 0.00235316 0.999993 2.72997 0 0 0 1
-0.0412663 0.999146 -0.00192078 111.031 -0.99914 -0.0412582 0.00403718 -39.7049 0.00395449 0.00208573 0.99999 2.74805 0 0 0 1
-0.0422734 0.999103 -0.00244667 110.997 -0.999095 -0.042261 0.00489596 -40.4761 0.00478818 0.00265143 0.999985 2.76417 0 0 0 1
-0.0435003 0.999043 -0.00449884 110.96 -0.999048 -0.0434844 0.00357233 -41.2491 0.00337329 0.00464996 0.999983 2.78224 0 0 0 1
-0.0448889 0.998981 -0.00466249 110.923 -0.998989 -0.0448769 0.00264148 -42.0169 0.00242955 0.00477635 0.999986 2.80223 0 0 0 1
-0.0462503 0.998923 -0.00366828 110.89 -0.998928 -0.0462436 0.00187742 -42.7773 0.00170577 0.00375119 0.999992 2.82154 0 0 0 1
-0.047618 0.998864 -0.00187982 110.859 -0.998865 -0.0476166 0.000767849 -43.5271 0.00067747 0.00191426 0.999998 2.83912 0 0 0 1
-0.048515 0.998822 -0.000726377 110.828 -0.998822 -0.048515 -8.06889e-05 -44.2606 -0.000115829 0.000721617 1 2.85265 0 0 0 1
-0.0493674 0.99878 -0.000871603 110.797 -0.99878 -0.0493681 -0.00082541 -44.9755 -0.00086743 0.00082979 0.999999 2.86697 0 0 0 1
-0.0497222 0.998763 -0.000947123 110.765 -0.998762 -0.0497207 0.00149018 -45.6804 0.00144125 0.00102005 0.999998 2.88185 0 0 0 1
-0.0498373 0.998757 -0.00107875 110.733 -0.998747 -0.0498319 0.00458779 -46.3807 0.00452833 0.00130604 0.999989 2.89743 0 0 0 1
-0.050019 0.998748 0.000891366 110.703 -0.998729 -0.0500236 0.00614899 -47.0781 0.00618589 -0.000582656 0.999981 2.91291 0 0 0 1
-0.0502491 0.998737 0.000641382 110.672 -0.998712 -0.0502524 0.00702255 -47.7727 0.00704591 -0.000287679 0.999975 2.92977 0 0 0 1
-0.0503353 0.998732 -0.000544422 110.636 -0.998709 -0.0503303 0.00690824 -48.4673 0.00687209 0.000891455 0.999976 2.94552 0 0 0 1
-0.0506218 0.998717 -0.00160695 110.603 -0.998701 -0.0506114 0.00595928 -49.1558 0.00587031 0.00190654 0.999981 2.95981 0 0 0 1
-0.0509675 0.998698 0.0021705 110.576 -0.998678 -0.0509807 0.00654231 -49.8414 0.00664445 -0.00183418 0.999976 2.97339 0 0 0 1
-0.0508824 0.998692 0.00505553 110.549 -0.998684 -0.0509136 0.00623123 -50.5256 0.00648048 -0.00473181 0.999968 2.98868 0 0 0 1
-0.0507663 0.998706 0.00310625 110.514 -0.998698 -0.0507809 0.00482366 -51.201 0.00497516 -0.00285733 0.999984 3.00135 0 0 0 1
-0.0516739 0.998661 0.00242201 110.478 -0.998654 -0.0516843 0.00443269 -51.874 0.00455194 -0.0021897 0.999987 3.01321 0 0 0 1
-0.0549175 0.998477 0.00530787 110.448 -0.998482 -0.0549384 0.00388675 -52.5435 0.00417244 -0.00508636 0.999978 3.02732 0 0 0 1
-0.0601074 0.998147 0.00948064 110.417 -0.998184 -0.0601419 0.00339992 -53.2095 0.00396381 -0.00925906 0.999949 3.04241 0 0 0 1
-0.0659708 0.997799 0.00674277 110.37 -0.997797 -0.0660154 0.00661918 -53.869 0.00704974 -0.00629124 0.999955 3.05309 0 0 0 1
-0.072401 0.997366 0.00430947 110.316 -0.997323 -0.0724408 0.0099456 -54.53 0.0102316 -0.00357786 0.999941 3.06348 0 0 0 1
-0.079834 0.996793 0.00541501 110.263 -0.996738 -0.0798918 0.0114621 -55.1994 0.011858 -0.00448227 0.99992 3.07652 0 0 0 1
-0.0860991 0.996246 0.00896071 110.212 -0.996222 -0.0861925 0.0106158 -55.8718 0.0113483 -0.00801284 0.999903 3.09161 0 0 0 1
-0.0914924 0.995752 0.010321 110.149 -0.995751 -0.0915909 0.00951484 -56.5485 0.0104197 -0.00940658 0.999901 3.11021 0 0 0 1
-0.0959573 0.995312 0.0120624 110.082 -0.995324 -0.0960785 0.00991051 -57.2281 0.011023 -0.011055 0.999878 3.12724 0 0 0 1
-0.0998961 0.994891 0.0145725 110.015 -0.994943 -0.100034 0.00903207 -57.9162 0.0104437 -0.0135965 0.999853 3.14099 0 0 0 1
-0.102719 0.994613 0.013893 109.943 -0.994679 -0.102817 0.00651916 -58.6132 0.00791248 -0.0131494 0.999882 3.15494 0 0 0 1
-0.104496 0.994455 0.0117815 109.865 -0.994516 -0.104539 0.00313808 -59.3229 0.00435231 -0.011389 0.999926 3.16914 0 0 0 1
-0.106313 0.994256 0.0123369 109.792 -0.994333 -0.106307 -0.00111637 -60.0471 0.000201538 -0.0123856 0.999923 3.18182 0 0 0 1
-0.10781 0.99409 0.0127403 109.718 -0.994171 -0.107812 -0.000490918 -60.7727 0.000885547 -0.0127189 0.999919 3.1901 0 0 0 1
-0.108541 0.994024 0.011666 109.638 -0.994085 -0.108578 0.0025884 -61.5009 0.00383961 -0.011316 0.999929 3.19722 0 0 0 1
-0.108798 0.994042 0.00653009 109.551 -0.994035 -0.108842 0.00684711 -62.2334 0.00751708 -0.00574618 0.999955 3.20664 0 0 0 1
-0.109516 0.993985 -0.000640874 109.458 -0.993925 -0.109502 0.0110782 -62.9737 0.0109414 0.00185022 0.999938 3.21794 0 0 0 1
-0.110283 0.993898 -0.00187443 109.374 -0.993812 -0.110249 0.0134951 -63.7182 0.0132061 0.00335113 0.999907 3.23014 0 0 0 1
-0.110805 0.993842 3.96996e-06 109.296 -0.993781 -0.110799 0.0110665 -64.4672 0.0109988 0.00122228 0.999939 3.24571 0 0 0 1
-0.110564 0.993869 0.000247772 109.215 -0.993855 -0.110564 0.00524709 -65.2197 0.00524232 0.000333896 0.999986 3.26489 0 0 0 1
-0.110688 0.993852 -0.00267964 109.137 -0.993849 -0.110677 0.00387667 -65.9644 0.00355626 0.00309226 0.999989 3.34017 0 0 0 1
-0.111682 0.99374 -0.00299704 109.07 -0.99374 -0.111672 0.00329572 -66.7116 0.00294041 0.00334635 0.99999 3.46369 0 0 0 1
-0.113439 0.993544 -0.00147301 108.999 -0.993538 -0.113432 0.00386558 -67.4524 0.00367354 0.001902 0.999991 3.53882 0 0 0 1
-0.115726 0.993281 -0.000879566 108.927 -0.993269 -0.115721 0.00497693 -68.1926 0.0048417 0.00144961 0.999987 3.6279 0 0 0 1
-0.117902 0.993024 -0.00159413 108.846 -0.993015 -0.117894 0.00472158 -68.9321 0.00450071 0.00213968 0.999988 3.68456 0 0 0 1
-0.119735 0.992803 -0.00235125 108.761 -0.992796 -0.119723 0.00486054 -69.6779 0.00454406 0.0029163 0.999985 3.75236 0 0 0 1
-0.121814 0.992551 -0.00195949 108.676 -0.992544 -0.121804 0.00456614 -70.4276 0.00429346 0.00250111 0.999988 3.79963 0 0 0 1
-0.123521 0.992342 0.00049015 108.594 -0.99233 -0.123522 0.00479003 -71.1826 0.0048139 0.000105278 0.999988 3.84719 0 0 0 1
-0.124771 0.992186 0.000315625 108.506 -0.992167 -0.12477 0.00613817 -71.9363 0.00612959 0.000452724 0.999981 3.88514 0 0 0 1
-0.125484 0.992094 0.00193441 108.42 -0.992075 -0.125494 0.00616282 -72.6958 0.00635686 -0.00114574 0.999979 3.92487 0 0 0 1
-0.126899 0.991914 0.00202959 108.332 -0.991892 -0.12691 0.00670874 -73.4606 0.00691207 -0.00116178 0.999975 3.95506 0 0 0 1
-0.127914 0.991784 0.00141844 108.241 -0.991771 -0.12792 0.00509675 -74.2323 0.00523633 -0.00075481 0.999986 3.98787 0 0 0 1
-0.129004 0.991638 0.00333646 108.148 -0.991638 -0.129014 0.00303006 -75.0076 0.00343517 -0.00291766 0.99999 4.0163 0 0 0 1
-0.130666 0.991407 0.00618936 108.057 -0.991425 -0.130674 0.000832567 -75.7887 0.0016342 -0.00602749 0.99998 4.04153 0 0 0 1
-0.132693 0.991143 0.00532805 107.958 -0.991157 -0.132695 3.60518e-06 -76.5737 0.000710583 -0.00528044 0.999986 4.06709 0 0 0 1
-0.134511 0.990904 0.00406236 107.855 -0.990912 -0.134514 0.000456399 -77.3644 0.000998698 -0.00396405 0.999992 4.08539 0 0 0 1
-0.136732 0.990596 0.00480144 107.754 -0.990606 -0.13674 0.0013733 -78.1595 0.00201694 -0.00456855 0.999988 4.09913 0 0 0 1
-0.138422 0.990363 0.00453301 107.649 -0.990358 -0.138444 0.0050292 -78.9565 0.00560831 -0.00379315 0.999977 4.11398 0 0 0 1
-0.138709 0.99033 0.00259819 107.538 -0.990287 -0.138728 0.0092598 -79.7583 0.0095307 -0.00128853 0.999954 4.13175 0 0 0 1
-0.139923 0.990161 0.00177973 107.428 -0.990076 -0.139935 0.0129903 -80.5654 0.0131115 5.55864e-05 0.999914 4.14799 0 0 0 1
-0.139704 0.990193 0.00034561 107.316 -0.990097 -0.139695 0.0139094 -81.3833 0.0138213 0.00160102 0.999903 4.16776 0 0 0 1
-0.139311 0.990241 -0.00386104 107.198 -0.990164 -0.139247 0.0136183 -82.2066 0.0129478 0.00572024 0.9999 4.18955 0 0 0 1
-0.139082 0.990271 -0.0044515 107.087 -0.99022 -0.139022 0.0117562 -83.0377 0.011023 0.00604305 0.999921 4.21192 0 0 0 1
-0.138376 0.990371 -0.00423718 106.978 -0.990333 -0.138327 0.0103031 -83.8721 0.00961774 0.00562192 0.999938 4.22878 0 0 0 1
-0.136605 0.99062 -0.00327381 106.869 -0.990597 -0.136575 0.00807266 -84.711 0.00754983 0.0043458 0.999962 4.24703 0 0 0 1
-0.134874 0.990852 -0.00454026 106.757 -0.990855 -0.134853 0.00465303 -85.5596 0.0039982 0.00512632 0.999979 4.26308 0 0 0 1
-0.133052 0.991094 -0.00542507 106.646 -0.991109 -0.133046 0.00130246 -86.4087 0.000569083 0.00555013 0.999984 4.27817 0 0 0 1
-0.131297 0.991335 -0.00391524 106.54 -0.991343 -0.131296 0.000546727 -87.2583 2.79375e-05 0.00395314 0.999992 4.29687 0 0 0 1
-0.129961 0.99151 -0.00433313 106.432 -0.991512 -0.129942 0.00440563 -88.1047 0.00380517 0.00486891 0.999981 4.31753 0 0 0 1
-0.127932 0.991775 -0.00384857 106.326 -0.991731 -0.127885 0.0107594 -88.9518 0.0101787 0.00519322 0.999935 4.33385 0 0 0 1
-0.126369 0.991981 -0.00214662 106.226 -0.991885 -0.126326 0.0143296 -89.8032 0.0139435 0.00394002 0.999895 4.35126 0 0 0 1
-0.124577 0.99221 -0.000562336 106.125 -0.992135 -0.124561 0.0123201 -90.6646 0.0121541 0.00209273 0.999924 4.37716 0 0 0 1
-0.12368 0.992321 -0.00128639 106.022 -0.99228 -0.123663 0.00938229 -91.5301 0.00915118 0.00243688 0.999955 4.40295 0 0 0 1
-0.123043 0.992399 -0.00224188 105.918 -0.992374 -0.123022 0.00773833 -92.3959 0.00740371 0.00317694 0.999968 4.42445 0 0 0 1
-0.122331 0.992487 -0.0023166 105.815 -0.992461 -0.12231 0.00781736 -93.2557 0.00747529 0.00325544 0.999967 4.44474 0 0 0 1
-0.121885 0.992544 -0.00117878 105.714 -0.992519 -0.121873 0.00731285 -94.1198 0.00711466 0.00206131 0.999973 4.4656 0 0 0 1
-0.121135 0.992628 -0.00396224 105.61 -0.992619 -0.121109 0.00634173 -94.9831 0.00581512 0.0047012 0.999972 4.48526 0 0 0 1
-0.120038 0.992749 -0.00636098 105.504 -0.992761 -0.120009 0.00472943 -95.8452 0.00393176 0.00688265 0.999969 4.50521 0 0 0 1
-0.11929 0.992818 -0.00901821 105.4 -0.992846 -0.119236 0.00631872 -96.6994 0.00519805 0.00970746 0.999939 4.5233 0 0 0 1
-0.118611 0.992897 -0.00935163 105.298 -0.992911 -0.118529 0.00889193 -97.5542 0.00772033 0.01034 0.999917 4.54242 0 0 0 1
-0.117741 0.993024 -0.00635679 105.201 -0.993003 -0.117675 0.00985992 -98.4071 0.00904311 0.00747323 0.999931 4.56101 0 0 0 1
-0.117344 0.993089 -0.00201779 105.107 -0.993072 -0.117329 0.00647966 -99.2605 0.00619814 0.00276416 0.999977 4.584 0 0 0 1
-0.117291 0.993094 0.00277255 105.016 -0.993092 -0.117299 0.00315406 -100.111 0.00345749 -0.00238345 0.999991 4.60814 0 0 0 1
-0.118399 0.992947 0.0061863 104.924 -0.992957 -0.118422 0.00348855 -100.952 0.00419654 -0.00572969 0.999975 4.62899 0 0 0 1
-0.119716 0.992757 0.0100666 104.833 -0.992765 -0.1198 0.00811183 -101.786 0.00925906 -0.00902268 0.999916 4.64664 0 0 0 1
-0.120438 0.992655 0.0114137 104.737 -0.992645 -0.120563 0.0109396 -102.617 0.0122353 -0.0100123 0.999875 4.6651 0 0 0 1
-0.120943 0.992603 0.0105609 104.639 -0.99258 -0.121061 0.0113452 -103.444 0.0125398 -0.00911039 0.99988 4.6887 0 0 0 1
-0.121417 0.992558 0.00928328 104.538 -0.992536 -0.121511 0.0104025 -104.27 0.0114531 -0.00795095 0.999903 4.715 0 0 0 1
-0.12202 0.992493 0.0082783 104.439 -0.992456 -0.122107 0.0110032 -105.087 0.0119314 -0.00687323 0.999905 4.74012 0 0 0 1
-0.12255 0.992436 0.00730492 104.339 -0.992354 -0.122642 0.0138683 -105.899 0.0146593 -0.00554951 0.999877 4.76497 0 0 0 1
-0.123164 0.992355 0.00782568 104.241 -0.99225 -0.123274 0.0155934 -106.707 0.0164389 -0.00584448 0.999848 4.79094 0 0 0 1
-0.124301 0.992198 0.00956023 104.145 -0.992104 -0.12444 0.0156241 -107.511 0.0166919 -0.00754265 0.999832 4.81634 0 0 0 1
-0.126413 0.991914 0.0112784 104.049 -0.991846 -0.126574 0.0148606 -108.31 0.016168 -0.00930781 0.999826 4.84444 0 0 0 1
-0.129553 0.991502 0.0118552 103.95 -0.991435 -0.129725 0.0150799 -109.101 0.0164896 -0.00979999 0.999816 4.87219 0 0 0 1
-0.132652 0.991082 0.0126209 103.85 -0.990969 -0.132867 0.0180716 -109.886 0.0195874 -0.0101097 0.999757 4.89727 0 0 0 1
-0.136108 0.990594 0.0140782 103.749 -0.990466 -0.136368 0.0195222 -110.666 0.0212584 -0.0112868 0.99971 4.92261 0 0 0 1
-0.139254 0.990151 0.0144539 103.645 -0.99003 -0.139519 0.019361 -111.444 0.0211869 -0.0116137 0.999708 4.94989 0 0 0 1
-0.142188 0.989753 0.0130791 103.538 -0.989651 -0.142407 0.0176643 -112.217 0.0193458 -0.0104321 0.999758 4.97713 0 0 0 1
-0.144769 0.989399 0.0114539 103.428 -0.989264 -0.144963 0.0184873 -112.988 0.0199517 -0.00865457 0.999763 5.00208 0 0 0 1
-0.146709 0.989039 0.0166779 103.326 -0.988862 -0.147068 0.0228681 -113.751 0.0250703 -0.0131372 0.999599 5.03151 0 0 0 1
-0.148424 0.988708 0.0206452 103.222 -0.988417 -0.148984 0.0289138 -114.509 0.0316632 -0.0161146 0.999369 5.06286 0 0 0 1
-0.151092 0.98837 0.0171975 103.104 -0.987882 -0.151597 0.0332954 -115.266 0.0355152 -0.0119584 0.999298 5.09073 0 0 0 1
-0.153854 0.987984 0.0146929 102.982 -0.987534 -0.154251 0.0313612 -116.027 0.0332508 -0.00968471 0.9994 5.11981 0 0 0 1
-0.157391 0.987424 0.0149272 102.866 -0.987213 -0.157708 0.0232036 -116.794 0.025266 -0.0110843 0.999619 5.1572 0 0 0 1
-0.159621 0.987046 0.0161585 102.749 -0.986918 -0.159933 0.0203553 -117.55 0.0226759 -0.012698 0.999662 5.19235 0 0 0 1
-0.161149 0.986787 0.0167887 102.626 -0.986572 -0.161525 0.0241776 -118.297 0.0265699 -0.012667 0.999567 5.22169 0 0 0 1
-0.163662 0.986313 0.0200299 102.51 -0.986062 -0.164169 0.0270285 -119.042 0.0299469 -0.0153272 0.999434 5.24734 0 0 0 1
-0.166181 0.985862 0.0214497 102.393 -0.985551 -0.166772 0.0295908 -119.784 0.0327497 -0.0162223 0.999332 5.27771 0 0 0 1
-0.168249 0.985568 0.0186307 102.268 -0.985093 -0.168795 0.0331647 -120.522 0.0358309 -0.012773 0.999276 5.30998 0 0 0 1
-0.17004 0.98526 0.0187121 102.145 -0.984607 -0.170645 0.0377954 -121.256 0.0404314 -0.0119974 0.99911 5.34219 0 0 0 1
-0.17305 0.984706 0.0201927 102.026 -0.983952 -0.17375 0.040614 -121.99 0.0435014 -0.0128404 0.998971 5.37368 0 0 0 1
-0.175279 0.984326 0.0194947 101.898 -0.983671 -0.175915 0.0380037 -122.724 0.0408375 -0.0125151 0.999087 5.41178 0 0 0 1
-0.179375 0.983667 0.0149427 101.76 -0.98311 -0.179793 0.0341859 -123.459 0.0363141 -0.00855826 0.999304 5.4505 0 0 0 1
-0.184915 0.982678 0.0122338 101.622 -0.982153 -0.185223 0.0326953 -124.185 0.034395 -0.0059696 0.99939 5.48761 0 0 0 1
-0.191041 0.981491 0.0133797 101.485 -0.981011 -0.191377 0.0315038 -124.909 0.0334813 -0.00710713 0.999414 5.52426 0 0 0 1
-0.199244 0.979836 0.0149504 101.343 -0.979378 -0.199625 0.0311126 -125.626 0.0334697 -0.00844314 0.999404 5.55852 0 0 0 1
-0.209573 0.977656 0.0163808 101.195 -0.977194 -0.210002 0.0314992 -126.339 0.0342354 -0.00940578 0.99937 5.59304 0 0 0 1
-0.22136 0.975053 0.0164454 101.034 -0.97455 -0.221795 0.0325395 -127.046 0.0353752 -0.00882395 0.999335 5.62671 0 0 0 1
-0.233684 0.972175 0.0163671 100.865 -0.971655 -0.234112 0.0328292 -127.753 0.0357475 -0.0082315 0.999327 5.66027 0 0 0 1
-0.245519 0.969291 0.0139747 100.684 -0.968742 -0.245856 0.0330641 -128.454 0.0354845 -0.00541997 0.999355 5.69332 0 0 0 1
-0.256712 0.966424 0.0111423 100.495 -0.965865 -0.256944 0.032948 -129.152 0.0347047 -0.00230381 0.999395 5.72649 0 0 0 1
-0.267064 0.96365 0.0073935 100.298 -0.963091 -0.267162 0.0328738 -129.846 0.0336542 0.00165883 0.999432 5.75814 0 0 0 1
-0.276132 0.961117 0.00211258 100.091 -0.960556 -0.276045 0.0336385 -130.537 0.0329137 0.00725942 0.999432 5.79108 0 0 0 1
-0.283951 0.958834 -0.00314713 99.8772 -0.958326 -0.28369 0.0336234 -131.224 0.0313464 0.0125634 0.99943 5.82189 0 0 0 1
-0.290518 0.956864 -0.0032757 99.6685 -0.956365 -0.290252 0.0334675 -131.907 0.0310731 0.0128557 0.999434 5.85365 0 0 0 1
-0.295319 0.955372 -0.00709959 99.4527 -0.954974 -0.294958 0.0320013 -132.589 0.0284791 0.0162305 0.999463 5.88193 0 0 0 1
-0.297635 0.95457 -0.0144865 99.2284 -0.954384 -0.297131 0.029396 -133.266 0.0237561 0.022575 0.999463 5.91044 0 0 0 1
-0.298716 0.954095 -0.0217186 99.0023 -0.954117 -0.298073 0.0285295 -133.938 0.0207462 0.0292443 0.999357 5.93961 0 0 0 1
