1 -6.98626e-11 4.81279e-10 2.92062e-08 -6.98627e-11 1 9.42989e-12 2.09144e-11 4.81279e-10 9.4299e-12 1 -1.40422e-10 0 0 0 1
0.999997 -0.00206068 -0.00117286 0.858768 0.00206128 0.999998 0.00051184 0.0465165 0.0011718 -0.000514255 0.999999 0.0222404 0 0 0 1
0.999989 -0.00411761 -0.0023462 1.71642 0.00412 0.999991 0.00101812 0.0929706 0.00234199 -0.00102777 0.999997 0.0444508 0 0 0 1
0.999975 -0.00617611 -0.00352305 2.57519 0.0061815 0.99998 0.00152014 0.139483 0.00351359 -0.00154188 0.999993 0.0666888 0 0 0 1
0.999955 -0.00823112 -0.00470048 3.43295 0.00824067 0.999964 0.00201666 0.185939 0.00468371 -0.00205531 0.999987 0.0888995 0 0 0 1
0.99993 -0.0102874 -0.00588124 4.29172 0.0103023 0.999944 0.00250884 0.232447 0.0058551 -0.00256925 0.99998 0.111135 0 0 0 1
0.999899 -0.0123401 -0.00706252 5.14945 0.0123615 0.999919 0.0029955 0.278897 0.00702498 -0.0030825 0.999971 0.133343 0 0 0 1
0.999862 -0.0143944 -0.00824727 6.00832 0.0144235 0.99989 0.00347787 0.325407 0.00819631 -0.00359634 0.99996 0.155579 0 0 0 1
0.99982 -0.016445 -0.00943243 6.86611 0.0164829 0.999856 0.00395469 0.371855 0.00936604 -0.00410945 0.999948 0.177785 0 0 0 1
0.999772 -0.0184965 -0.0106206 7.72475 0.0185444 0.999818 0.00442704 0.418348 0.0105368 -0.00462298 0.999934 0.200013 0 0 0 1
0.999719 -0.0205475 -0.0118111 8.58369 0.0206065 0.999776 0.00489458 0.464854 0.0117079 -0.00513659 0.999918 0.222247 0 0 0 1
0.99966 -0.0225939 -0.0130015 9.44117 0.0226651 0.999729 0.00535639 0.51128 0.0128769 -0.00564924 0.999901 0.244441 0 0 0 1
0.999595 -0.0246422 -0.0141954 10.2999 0.0247267 0.999677 0.00581392 0.557773 0.0140475 -0.00616257 0.999882 0.266669 0 0 0 1
0.999525 -0.0266891 -0.015391 11.1586 0.0267881 0.999622 0.00626644 0.604261 0.015218 -0.00667576 0.999862 0.288893 0 0 0 1
0.999448 -0.0287426 -0.0166757 12.0166 0.02886 0.99956 0.00684027 0.650769 0.0164717 -0.00731775 0.999838 0.311185 0 0 0 1
0.999394 -0.0306304 -0.0165302 12.871 0.0307228 0.999514 0.00536327 0.696015 0.0163579 -0.00586787 0.999849 0.331962 0 0 0 1
0.999281 -0.0328179 -0.0189864 13.7328 0.032967 0.999428 0.00759319 0.743604 0.0187263 -0.00821365 0.999791 0.355508 0 0 0 1
0.999172 -0.0344349 -0.0216473 14.6017 0.0346244 0.999365 0.00844157 0.792772 0.0213428 -0.0091841 0.99973 0.378939 0 0 0 1
0.999057 -0.0363553 -0.0237384 15.481 0.0366495 0.999255 0.0120783 0.847969 0.0232816 -0.012937 0.999645 0.403865 0 0 0 1
0.999014 -0.0376926 -0.0234602 16.3711 0.03801 0.99919 0.0132342 0.900439 0.0229423 -0.0141128 0.999637 0.428924 0 0 0 1
0.998989 -0.0393154 -0.0217818 17.2709 0.0396042 0.999131 0.0129876 0.953767 0.0212523 -0.0138372 0.999678 0.45526 0 0 0 1
0.998958 -0.0408447 -0.0203417 18.1754 0.041118 0.999067 0.0132033 1.0042 0.0197834 -0.0140259 0.999706 0.48046 0 0 0 1
0.998919 -0.0420372 -0.0198644 19.0865 0.0422948 0.999024 0.0127284 1.0587 0.01931 -0.0135548 0.999722 0.503976 0 0 0 1
0.99883 -0.0437834 -0.0205354 19.9997 0.0440542 0.998946 0.0129267 1.11079 0.0199477 -0.0138162 0.999706 0.527513 0 0 0 1
0.998758 -0.0448508 -0.0216823 20.9163 0.0451009 0.99892 0.0111869 1.16377 0.0211571 -0.0121509 0.999702 0.551458 0 0 0 1
0.998755 -0.0456473 -0.0200931 21.8433 0.0458735 0.998887 0.0109419 1.21618 0.0195713 -0.0118501 0.999738 0.575334 0 0 0 1
0.998823 -0.0457091 -0.0162371 22.7776 0.0459167 0.998865 0.0126483 1.27299 0.0156405 -0.0133789 0.999788 0.60192 0 0 0 1
0.998911 -0.0449298 -0.0125644 23.7132 0.0450981 0.998892 0.0134519 1.32749 0.0119461 -0.0140039 0.999831 0.629184 0 0 0 1
0.999003 -0.04353 -0.00992825 24.6557 0.043653 0.998968 0.0125253 1.379 0.00937277 -0.0129462 0.999872 0.651526 0 0 0 1
0.999075 -0.0421028 -0.00871192 25.6011 0.0422086 0.999033 0.0123375 1.43056 0.00818405 -0.0126938 0.999886 0.670171 0 0 0 1
0.9991 -0.0408983 -0.0112728 26.5488 0.0410395 0.999078 0.0125887 1.48158 0.0107475 -0.01304 0.999857 0.687585 0 0 0 1
0.999066 -0.0398984 -0.0165814 27.5002 0.0401257 0.999102 0.0136078 1.53313 0.0160235 -0.0142604 0.99977 0.706479 0 0 0 1
0.999052 -0.0386391 -0.0200563 28.4586 0.0389025 0.99916 0.0129122 1.58221 0.0195405 -0.0136802 0.999715 0.727242 0 0 0 1
0.999103 -0.0379644 -0.0187401 29.4271 0.0381657 0.999216 0.0105026 1.62933 0.0183267 -0.0112084 0.999769 0.751174 0 0 0 1
0.999174 -0.0382261 -0.0137804 30.403 0.0383494 0.999226 0.00879827 1.67703 0.0134334 -0.00931947 0.999866 0.774257 0 0 0 1
0.999185 -0.0392097 -0.00960561 31.3826 0.0392641 0.999213 0.00554475 1.72475 0.00938065 -0.00591738 0.999939 0.796745 0 0 0 1
0.999141 -0.0403016 -0.00967996 32.3623 0.0402827 0.999186 -0.00214157 1.76438 0.00975839 0.0017498 0.999951 0.814577 0 0 0 1
0.99903 -0.0419059 -0.0134945 33.3414 0.0418389 0.999111 -0.00520941 1.8109 0.0137008 0.00463977 0.999895 0.830203 0 0 0 1
0.998896 -0.0434192 -0.0179284 34.3252 0.0433469 0.99905 -0.0044043 1.86558 0.0181026 0.0036223 0.99983 0.850481 0 0 0 1
0.998788 -0.0453022 -0.0192376 35.3361 0.0452363 0.998969 -0.0038434 1.92433 0.0193919 0.0029685 0.999808 0.885151 0 0 0 1
0.998777 -0.0463824 -0.0171 36.3932 0.046322 0.998919 -0.00391465 1.98796 0.0172631 0.00311776 0.999846 0.943343 0 0 0 1
0.998776 -0.0473971 -0.0141311 37.4347 0.0473935 0.998876 -0.000595391 2.05526 0.0141435 -7.50594e-05 0.9999 0.992592 0 0 0 1
0.998727 -0.0486959 -0.0131637 38.4781 0.0486953 0.998814 -0.000364122 2.12079 0.0131658 -0.00027735 0.999913 1.04106 0 0 0 1
0.998704 -0.0497033 -0.0109071 39.5106 0.0497118 0.998764 0.000507818 2.1847 0.0108684 -0.00104937 0.99994 1.07889 0 0 0 1
0.998735 -0.0497901 -0.0070591 40.546 0.0497922 0.99876 0.000117298 2.24995 0.0070445 -0.000468635 0.999975 1.11698 0 0 0 1
0.99872 -0.0502712 -0.00564416 41.5688 0.0503054 0.998715 0.00609126 2.32418 0.00533069 -0.00636739 0.999965 1.14441 0 0 0 1
0.998725 -0.05019 -0.00536204 42.5909 0.0502248 0.998716 0.00657769 2.39424 0.00502503 -0.00683862 0.999964 1.17161 0 0 0 1
0.998708 -0.0503199 -0.00713272 43.601 0.050365 0.998711 0.00629995 2.45992 0.00680651 -0.00665104 0.999955 1.19311 0 0 0 1
0.998696 -0.0500508 -0.0100649 44.6059 0.050138 0.998705 0.00860738 2.53101 0.00962103 -0.00910078 0.999912 1.21893 0 0 0 1
0.998646 -0.0510231 -0.0101775 45.607 0.0511095 0.998658 0.00842524 2.59503 0.00973398 -0.008934 0.999913 1.24924 0 0 0 1
0.998592 -0.0523554 -0.00854317 46.6065 0.0524114 0.998605 0.00647121 2.65661 0.00819245 -0.00690986 0.999943 1.27688 0 0 0 1
0.998553 -0.0532361 -0.0075487 47.6015 0.0532867 0.998557 0.00666316 2.72359 0.00718309 -0.00705577 0.999949 1.30661 0 0 0 1
0.99852 -0.0534785 -0.00987602 48.5874 0.0535717 0.99852 0.00942858 2.79574 0.00935718 -0.0099437 0.999907 1.33412 0 0 0 1
0.998414 -0.0541665 -0.0153467 49.5647 0.0543209 0.998475 0.00982821 2.86629 0.014791 -0.0106463 0.999834 1.35914 0 0 0 1
0.998376 -0.0546204 -0.0161711 50.5466 0.05479 0.998446 0.0102354 2.93299 0.0155869 -0.0111048 0.999817 1.38376 0 0 0 1
0.998405 -0.0549582 -0.0128902 51.5277 0.0550869 0.998433 0.0098543 2.99758 0.0123284 -0.0105487 0.999868 1.4159 0 0 0 1
0.998423 -0.055311 -0.00964071 52.5046 0.055381 0.99844 0.00715051 3.06094 0.00923016 -0.00767314 0.999928 1.44256 0 0 0 1
0.998415 -0.0556062 -0.00871362 53.4748 0.0556589 0.998432 0.00593131 3.12535 0.00837014 -0.0064069 0.999944 1.46741 0 0 0 1
0.998398 -0.0557914 -0.0094262 54.438 0.0558206 0.998437 0.00286388 3.1867 0.00925169 -0.00338547 0.999951 1.48909 0 0 0 1
0.998351 -0.0563393 -0.0110187 55.4018 0.0563365 0.998412 -0.000569808 3.24389 0.0110333 -5.18866e-05 0.999939 1.51021 0 0 0 1
0.998292 -0.0575567 -0.0100255 56.3606 0.0575392 0.998341 -0.00202385 3.30581 0.0101253 0.00144354 0.999948 1.53144 0 0 0 1
0.998261 -0.0586821 -0.00556633 57.3231 0.0586555 0.998267 -0.00482225 3.36618 0.00583966 0.00448737 0.999973 1.55067 0 0 0 1
0.998247 -0.0591826 8.84884e-05 58.285 0.059182 0.998227 -0.00640558 3.43374 0.000290766 0.00639959 0.999979 1.56446 0 0 0 1
0.998211 -0.0597479 0.00200864 59.2366 0.0597571 0.998201 -0.00485202 3.50628 -0.00171513 0.00496337 0.999986 1.57796 0 0 0 1
0.998122 -0.0612614 -0.000373517 60.1775 0.0612598 0.998116 -0.00337646 3.57408 0.00057966 0.00334723 0.999994 1.59318 0 0 0 1
0.99799 -0.0627387 -0.00895086 61.102 0.0627211 0.998029 -0.00223411 3.63656 0.00907339 0.00166822 0.999957 1.60795 0 0 0 1
0.997854 -0.0638068 -0.0146896 62.017 0.0637925 0.997962 -0.00144179 3.69812 0.0147516 0.000501616 0.999891 1.6278 0 0 0 1
0.99778 -0.0650446 -0.0142707 62.9276 0.0651036 0.997872 0.00371258 3.77088 0.0139989 -0.00463341 0.999891 1.65093 0 0 0 1
0.997759 -0.0658962 -0.0115855 63.8264 0.0659799 0.997796 0.00699456 3.83887 0.011099 -0.00774329 0.999908 1.6798 0 0 0 1
0.997685 -0.0672562 -0.0100332 64.7093 0.067354 0.997682 0.00974649 3.90744 0.00935443 -0.0103997 0.999902 1.70773 0 0 0 1
0.997592 -0.0684804 -0.0109406 65.5783 0.0685885 0.997597 0.00982709 3.9729 0.0102414 -0.0105538 0.999892 1.73022 0 0 0 1
0.997487 -0.0701128 -0.0101811 66.4334 0.0702267 0.997467 0.0113052 4.04109 0.00936269 -0.0119917 0.999884 1.75242 0 0 0 1
0.997387 -0.0715995 -0.0096473 67.2765 0.0717187 0.997345 0.0126421 4.10872 0.00871652 -0.013301 0.999873 1.77648 0 0 0 1
0.997278 -0.0732258 -0.0086413 68.1055 0.0733299 0.997231 0.0124139 4.17397 0.00770835 -0.0130138 0.999886 1.79888 0 0 0 1
0.997176 -0.0746806 -0.00790639 68.9223 0.0747722 0.997128 0.0120014 4.23857 0.00698741 -0.0125586 0.999897 1.81868 0 0 0 1
0.997084 -0.0760857 -0.00587783 69.7269 0.0761631 0.996993 0.0143248 4.30665 0.00477024 -0.0147307 0.99988 1.83859 0 0 0 1
0.997009 -0.0772749 -0.00136224 70.521 0.0772869 0.996877 0.0161905 4.37555 0.000106873 -0.0162473 0.999868 1.85639 0 0 0 1
0.996862 -0.0791628 0.000150385 71.2976 0.0791462 0.996688 0.0186935 4.43889 -0.00162972 -0.018623 0.999825 1.8777 0 0 0 1
0.996733 -0.0807003 -0.0033573 72.0506 0.0807544 0.996498 0.0217141 4.5081 0.0015932 -0.0219143 0.999759 1.89855 0 0 0 1
0.996583 -0.0818628 -0.0109932 72.7809 0.082091 0.996377 0.0222171 4.5732 0.0091346 -0.0230437 0.999693 1.91924 0 0 0 1
0.996378 -0.0833888 -0.0166718 73.4935 0.0837311 0.996267 0.0210116 4.63694 0.0148575 -0.0223315 0.99964 1.93621 0 0 0 1
0.996307 -0.0837531 -0.0189067 74.1882 0.0841576 0.996216 0.0217246 4.70213 0.0170156 -0.0232355 0.999585 1.95762 0 0 0 1
0.996297 -0.0845272 -0.0156969 74.8647 0.0848909 0.996097 0.0241614 4.76837 0.0135933 -0.0254045 0.999585 1.98501 0 0 0 1
0.996233 -0.0858288 -0.0123483 75.521 0.0861203 0.995961 0.0254142 4.82989 0.0101171 -0.0263819 0.999601 2.01746 0 0 0 1
0.996077 -0.0871582 -0.0152686 76.1519 0.0874852 0.995917 0.0222433 4.88374 0.0132676 -0.0234918 0.999636 2.04317 0 0 0 1
0.995994 -0.0872717 -0.0195041 76.7637 0.0875584 0.996056 0.0143658 4.92913 0.0181735 -0.016016 0.999707 2.0666 0 0 0 1
0.995941 -0.0865045 -0.0248543 77.3576 0.0867692 0.99618 0.00977583 4.9773 0.0239137 -0.0118927 0.999643 2.09235 0 0 0 1
0.99618 -0.0835168 -0.0254908 77.939 0.0838299 0.996414 0.0114694 5.0315 0.0244416 -0.0135625 0.999609 2.11772 0 0 0 1
0.996573 -0.0795382 -0.0226898 78.5085 0.0799338 0.996654 0.0170961 5.08668 0.0212541 -0.0188512 0.999596 2.14457 0 0 0 1
0.996987 -0.075089 -0.0194288 79.0637 0.0754049 0.997024 0.0160745 5.12908 0.018164 -0.0174911 0.999682 2.16796 0 0 0 1
0.997438 -0.0699301 -0.0150752 79.6068 0.0701084 0.997472 0.0116391 5.15639 0.0142232 -0.0126662 0.999819 2.19284 0 0 0 1
0.998008 -0.0622373 -0.0102982 80.1379 0.0623152 0.998029 0.00741857 5.18206 0.00981618 -0.00804553 0.999919 2.21814 0 0 0 1
0.998598 -0.0517708 -0.011068 80.6495 0.051885 0.9986 0.0102967 5.21024 0.0105195 -0.0108565 0.999886 2.23764 0 0 0 1
0.999254 -0.0368624 -0.0114906 81.1504 0.0370435 0.999186 0.0159705 5.2419 0.0108925 -0.0163842 0.999806 2.25577 0 0 0 1
0.999761 -0.019021 -0.0107576 81.6381 0.0192461 0.99959 0.0212249 5.26115 0.0103495 -0.0214269 0.999717 2.27283 0 0 0 1
0.999948 0.00252923 -0.00989849 82.1126 -0.0023314 0.999798 0.0199464 5.2554 0.00994694 -0.0199223 0.999752 2.28722 0 0 0 1
0.999575 0.0278565 -0.00854643 82.5721 -0.0277138 0.999482 0.0163834 5.23331 0.00899839 -0.0161396 0.999829 2.30344 0 0 0 1
0.998365 0.0567824 -0.00657269 83.0256 -0.0566779 0.998278 0.0151178 5.19782 0.0074198 -0.0147206 0.999864 2.319 0 0 0 1
0.996003 0.0892077 -0.00456449 83.473 -0.0891315 0.99591 0.0148091 5.1494 0.0058669 -0.0143431 0.99988 2.33352 0 0 0 1
0.992093 0.125467 -0.00321516 83.9055 -0.125407 0.991996 0.0147333 5.08396 0.00503797 -0.0142135 0.999886 2.34621 0 0 0 1
0.986084 0.166224 -0.0026352 84.336 -0.166167 0.985984 0.0149816 5.00098 0.00508858 -0.0143353 0.999884 2.35659 0 0 0 1
0.977606 0.210433 -0.00196344 84.7545 -0.210382 0.977507 0.0148024 4.8965 0.0050342 -0.0140578 0.999888 2.36887 0 0 0 1
0.96619 0.257821 -0.00231586 85.148 -0.257747 0.966064 0.016947 4.77399 0.00660656 -0.0157771 0.999854 2.38397 0 0 0 1
0.950843 0.309648 -0.00388974 85.5367 -0.309534 0.95072 0.017908 4.62728 0.00924324 -0.0158237 0.999832 2.39781 0 0 0 1
0.931463 0.363804 -0.00482799 85.8951 -0.363668 0.931354 0.018058 4.46007 0.0110661 -0.0150646 0.999825 2.40796 0 0 0 1
0.907695 0.419595 -0.00540517 86.2491 -0.419436 0.907592 0.0187017 4.26993 0.0127528 -0.0147083 0.999811 2.41492 0 0 0 1
0.879451 0.475945 -0.00651075 86.584 -0.475761 0.87937 0.0189782 4.05991 0.0147579 -0.0135928 0.999799 2.42168 0 0 0 1
0.846948 0.531605 -0.00866843 86.8804 -0.53142 0.846934 0.0172252 3.82825 0.0164986 -0.00998225 0.999814 2.42974 0 0 0 1
0.811064 0.584888 -0.0090403 87.1751 -0.584708 0.811072 0.0166864 3.58005 0.017092 -0.0082478 0.99982 2.44261 0 0 0 1
0.772199 0.635332 -0.00786599 87.4368 -0.635191 0.772212 0.0148727 3.31657 0.0155233 -0.00648828 0.999858 2.45426 0 0 0 1
0.730634 0.682755 -0.0044038 87.6988 -0.682648 0.730611 0.014132 3.03235 0.0128662 -0.00731908 0.99989 2.46206 0 0 0 1
0.686852 0.726788 -0.00360764 87.9384 -0.726703 0.686834 0.0127288 2.735 0.011729 -0.00612112 0.999912 2.46815 0 0 0 1
0.641445 0.767146 -0.00598023 88.1402 -0.767068 0.641468 0.011234 2.42068 0.0124542 -0.00261873 0.999919 2.47268 0 0 0 1
0.595896 0.802989 -0.0108058 88.3338 -0.80296 0.595981 0.00793371 2.0955 0.0128107 0.00394895 0.99991 2.47903 0 0 0 1
0.550438 0.83482 -0.00970891 88.5032 -0.834774 0.550515 0.00921121 1.76773 0.0130346 0.00303455 0.99991 2.48815 0 0 0 1
0.504353 0.86348 -0.00549839 88.676 -0.863398 0.504381 0.0119652 1.43024 0.013105 -0.00128739 0.999913 2.49499 0 0 0 1
0.460151 0.887828 -0.00469593 88.829 -0.887728 0.46017 0.0135145 1.08241 0.0141595 -0.00205002 0.999898 2.50141 0 0 0 1
0.418602 0.908114 -0.0101155 88.9476 -0.908052 0.418701 0.0114694 0.726698 0.0146509 0.00438428 0.999883 2.50588 0 0 0 1
0.380235 0.924605 -0.0229531 89.0504 -0.924818 0.380398 0.00302832 0.353363 0.0115313 0.020076 0.999732 2.50745 0 0 0 1
0.345762 0.937935 -0.0269713 89.1511 -0.938284 0.345865 -0.000870437 -0.0180891 0.00851203 0.0256077 0.999636 2.51083 0 0 0 1
0.313426 0.949263 -0.0257539 89.2537 -0.949557 0.313585 0.00228969 -0.389269 0.0102496 0.0237372 0.999666 2.51686 0 0 0 1
0.282917 0.959017 -0.0156575 89.3654 -0.959044 0.283086 0.00986416 -0.761055 0.0138923 0.0122255 0.999829 2.53025 0 0 0 1
0.254766 0.966946 -0.010447 89.4599 -0.966864 0.254897 0.0142132 -1.14266 0.0164063 0.0064798 0.999844 2.54655 0 0 0 1
0.229471 0.973247 -0.0115418 89.5341 -0.973146 0.229636 0.015926 -1.53943 0.0181504 0.00757731 0.999807 2.55847 0 0 0 1
0.206146 0.978359 -0.017793 89.5933 -0.978322 0.206437 0.0164387 -1.94604 0.0197561 0.0140186 0.999707 2.5665 0 0 0 1
0.185978 0.982174 -0.0273085 89.6414 -0.982184 0.186599 0.0222464 -2.36677 0.0269456 0.0226846 0.999379 2.55874 0 0 0 1
0.166295 0.985602 -0.0305613 89.6941 -0.985463 0.167205 0.0300967 -2.79258 0.0347734 0.0251121 0.99908 2.5536 0 0 0 1
0.148788 0.988483 -0.0276355 89.7529 -0.988247 0.149628 0.0313017 -3.23898 0.0350763 0.0226534 0.999128 2.56338 0 0 0 1
0.133624 0.990749 -0.0237092 89.8063 -0.990602 0.134232 0.0262617 -3.70425 0.0292013 0.0199772 0.999374 2.58366 0 0 0 1
0.119118 0.992614 -0.0229816 89.8465 -0.992564 0.119632 0.0224733 -4.17785 0.0250566 0.0201337 0.999483 2.60316 0 0 0 1
0.105736 0.994085 -0.0247914 89.878 -0.994137 0.106242 0.0200918 -4.6645 0.0226069 0.0225217 0.999491 2.61935 0 0 0 1
0.0938346 0.995184 -0.0283458 89.9015 -0.995355 0.0943904 0.0189498 -5.16203 0.0215341 0.026436 0.999419 2.63146 0 0 0 1
0.0834185 0.996016 -0.031518 89.9224 -0.996271 0.0840562 0.0194781 -5.67649 0.0220498 0.0297756 0.999313 2.64417 0 0 0 1
0.0749313 0.996623 -0.0335964 89.9424 -0.996934 0.0756302 0.0200386 -6.20653 0.0225118 0.0319919 0.999235 2.65769 0 0 0 1
0.0688746 0.997002 -0.0352601 89.9609 -0.997369 0.0696148 0.0202127 -6.75233 0.0226067 0.0337753 0.999174 2.67018 0 0 0 1
0.0630082 0.997338 -0.0366926 89.9797 -0.997734 0.0638174 0.0213157 -7.31604 0.0236006 0.0352664 0.999099 2.68042 0 0 0 1
0.0566755 0.997707 -0.0370031 89.9982 -0.998097 0.0575223 0.0222359 -7.89991 0.0243135 0.0356725 0.999068 2.68972 0 0 0 1
0.0519592 0.997875 -0.0393208 90.0136 -0.998356 0.0528578 0.0221682 -8.50295 0.0241995 0.0381044 0.998981 2.70169 0 0 0 1
0.0484731 0.997986 -0.0409298 90.0211 -0.998538 0.0494 0.0219451 -9.12238 0.0239228 0.0398062 0.998921 2.71282 0 0 0 1
0.044995 0.998108 -0.041912 90.0313 -0.998713 0.0459267 0.0215393 -9.76206 0.0234234 0.0408889 0.998889 2.72575 0 0 0 1
0.0417956 0.998186 -0.0433311 90.0354 -0.998868 0.0427315 0.020901 -10.417 0.0227147 0.0424085 0.998842 2.73801 0 0 0 1
0.0404406 0.998031 -0.0479469 90.0379 -0.998929 0.0414633 0.0205301 -11.0909 0.0224777 0.0470653 0.998639 2.75021 0 0 0 1
0.0405389 0.997828 -0.0519229 90.0368 -0.998929 0.041633 0.0201657 -11.7773 0.0222836 0.0510498 0.998447 2.76118 0 0 0 1
0.0423204 0.997653 -0.0538198 90.0437 -0.998855 0.0434509 0.0200095 -12.4847 0.0223011 0.0529114 0.99835 2.77361 0 0 0 1
0.0454539 0.997376 -0.0563404 90.0545 -0.998705 0.046659 0.0202621 -13.208 0.0228378 0.0553465 0.998206 2.78728 0 0 0 1
0.0491698 0.99715 -0.0572177 90.0675 -0.998526 0.0503933 0.0201384 -13.947 0.0229644 0.0561432 0.998159 2.80168 0 0 0 1
0.0530205 0.99687 -0.0586465 90.0907 -0.998364 0.0541755 0.0182801 -14.706 0.0214 0.0575814 0.998111 2.8211 0 0 0 1
0.0569646 0.996656 -0.0585896 90.119 -0.998173 0.0580389 0.0167997 -15.4773 0.020144 0.0575256 0.998141 2.84112 0 0 0 1
0.0611094 0.996571 -0.0557937 90.1566 -0.997967 0.0620163 0.0146674 -16.2645 0.0180773 0.054784 0.998335 2.85951 0 0 0 1
0.0651555 0.99637 -0.0547884 90.1962 -0.997727 0.065992 0.0135973 -17.0589 0.0171635 0.0537779 0.998405 2.87693 0 0 0 1
0.069133 0.996229 -0.0524209 90.2416 -0.997444 0.0699779 0.0144555 -17.8608 0.0180693 0.0512875 0.99852 2.89657 0 0 0 1
0.072318 0.996094 -0.0506723 90.2907 -0.99715 0.0733028 0.0178502 -18.6643 0.0214949 0.049237 0.998556 2.91923 0 0 0 1
0.0733752 0.996263 -0.045557 90.3458 -0.996927 0.0745273 0.0241257 -19.4725 0.0274308 0.0436468 0.99867 2.94215 0 0 0 1
0.0729237 0.996404 -0.043152 90.396 -0.996878 0.0741358 0.0271864 -20.2862 0.0302877 0.0410347 0.998699 2.96513 0 0 0 1
0.0730306 0.996498 -0.0407255 90.4464 -0.996872 0.0741726 0.0272712 -21.104 0.0301964 0.0386065 0.998798 2.99696 0 0 0 1
0.0730137 0.996618 -0.037704 90.4975 -0.996956 0.0739707 0.0246429 -21.9223 0.0273486 0.0357899 0.998985 3.03223 0 0 0 1
0.0728629 0.996597 -0.0385453 90.5431 -0.996982 0.0738205 0.0240314 -22.7396 0.026795 0.036678 0.998968 3.06462 0 0 0 1
0.0730961 0.996669 -0.0361723 90.5899 -0.996998 0.0739522 0.0229215 -23.5571 0.0255202 0.0343883 0.999083 3.09795 0 0 0 1
0.0727777 0.996752 -0.0344665 90.6343 -0.997024 0.0735915 0.0229615 -24.3725 0.0254233 0.0326929 0.999142 3.13423 0 0 0 1
0.0728501 0.99683 -0.0319927 90.6827 -0.997001 0.073627 0.0238153 -25.1845 0.0260953 0.0301618 0.999204 3.16677 0 0 0 1
0.0715188 0.997016 -0.029043 90.7304 -0.997071 0.0722531 0.0250707 -25.9951 0.0270943 0.0271649 0.999264 3.19868 0 0 0 1
0.0688043 0.997289 -0.0260917 90.7783 -0.997268 0.0694607 0.0251426 -26.8066 0.0268868 0.0242905 0.999343 3.23118 0 0 0 1
0.0649344 0.997619 -0.0232532 90.8216 -0.997569 0.0654861 0.0238077 -27.6168 0.0252738 0.0216508 0.999446 3.26402 0 0 0 1
0.0600641 0.997977 -0.0208612 90.862 -0.997941 0.0605066 0.0212712 -28.429 0.0224904 0.0195406 0.999556 3.29806 0 0 0 1
0.0538434 0.998379 -0.0184561 90.8952 -0.998352 0.0541906 0.0188578 -29.241 0.0198274 0.0174103 0.999652 3.33038 0 0 0 1
0.0463185 0.998769 -0.017725 90.9189 -0.998735 0.0466503 0.0187907 -30.0481 0.0195944 0.0168322 0.999666 3.36047 0 0 0 1
0.0374744 0.999153 -0.0170001 90.9359 -0.99909 0.0378082 0.0197579 -30.8501 0.0203839 0.0162442 0.99966 3.38819 0 0 0 1
0.0273513 0.999476 -0.0173255 90.9409 -0.999407 0.0277041 0.0204617 -31.6515 0.0209309 0.0167556 0.99964 3.41512 0 0 0 1
0.0170921 0.999689 -0.0181723 90.9387 -0.999658 0.0174459 0.0194941 -32.4493 0.0198051 0.0178329 0.999645 3.44332 0 0 0 1
0.00632065 0.999838 -0.0168732 90.9306 -0.999818 0.00662288 0.0179163 -33.2417 0.0180252 0.0167569 0.999697 3.47164 0 0 0 1
-0.00487243 0.999826 -0.017984 90.9103 -0.999842 -0.00456407 0.0171478 -34.0336 0.0170628 0.0180647 0.999691 3.49529 0 0 0 1
-0.0160239 0.999707 -0.0181208 90.8813 -0.999731 -0.0157148 0.017076 -34.8202 0.0167862 0.0183895 0.99969 3.51889 0 0 0 1
-0.0271577 0.999468 -0.0180434 90.8455 -0.999484 -0.02684 0.017624 -35.5994 0.0171303 0.0185128 0.999682 3.5431 0 0 0 1
-0.0379486 0.999127 -0.017479 90.8017 -0.999118 -0.0376217 0.0186646 -36.3742 0.0179907 0.0181719 0.999673 3.56626 0 0 0 1
-0.0483234 0.99867 -0.0180026 90.7495 -0.998656 -0.0479692 0.0196125 -37.1419 0.0187228 0.0189262 0.999646 3.5887 0 0 0 1
-0.0579559 0.998146 -0.0186179 90.6896 -0.998135 -0.0575768 0.0202905 -37.9011 0.0191809 0.0197591 0.999621 3.61179 0 0 0 1
-0.0676277 0.997529 -0.0190294 90.621 -0.997524 -0.0672335 0.0206454 -38.6525 0.019315 0.0203785 0.999606 3.63612 0 0 0 1
-0.0771862 0.996828 -0.0193869 90.5489 -0.996833 -0.0767845 0.0206754 -39.3962 0.0191212 0.0209214 0.999598 3.6588 0 0 0 1
-0.0858566 0.996093 -0.0206528 90.4674 -0.996135 -0.0854377 0.0203793 -40.1319 0.0185352 0.0223227 0.999579 3.68252 0 0 0 1
-0.0932566 0.995394 -0.0222155 90.3811 -0.995499 -0.0928419 0.0190251 -40.8595 0.0168749 0.0238897 0.999572 3.70597 0 0 0 1
-0.0986361 0.994807 -0.0250912 90.2904 -0.995011 -0.098214 0.017534 -41.5775 0.0149787 0.0266955 0.999531 3.73097 0 0 0 1
-0.102578 0.994323 -0.0282728 90.1977 -0.994643 -0.102163 0.0157434 -42.2896 0.0127656 0.0297362 0.999476 3.75139 0 0 0 1
-0.10543 0.993971 -0.0301052 90.1068 -0.994363 -0.105033 0.0144914 -42.9898 0.011242 0.0314633 0.999442 3.77029 0 0 0 1
-0.107245 0.99376 -0.0306399 90.0182 -0.994178 -0.106866 0.0137556 -43.6749 0.0103954 0.0319368 0.999436 3.78875 0 0 0 1
-0.108248 0.993639 -0.0310399 89.9309 -0.994069 -0.107861 0.0138646 -44.3469 0.0104284 0.0323566 0.999422 3.8061 0 0 0 1
-0.107557 0.993685 -0.0319663 89.8449 -0.994132 -0.107121 0.0150668 -45.0008 0.0115474 0.0333993 0.999375 3.82291 0 0 0 1
-0.104922 0.993932 -0.0330371 89.7628 -0.994398 -0.104428 0.0163441 -45.6386 0.012795 0.0345668 0.99932 3.83961 0 0 0 1
-0.100021 0.994435 -0.0330927 89.6897 -0.99489 -0.0994953 0.0171636 -46.2584 0.0137755 0.0346403 0.999305 3.85675 0 0 0 1
-0.0926095 0.995173 -0.0324807 89.6261 -0.995595 -0.0920705 0.0177179 -46.8596 0.0146419 0.0339785 0.999315 3.87441 0 0 0 1
-0.0817023 0.996154 -0.0316483 89.5721 -0.996538 -0.081161 0.0180308 -47.4417 0.0153928 0.0330119 0.999336 3.89325 0 0 0 1
-0.0682231 0.997174 -0.031445 89.5281 -0.997541 -0.0676733 0.0182288 -48.004 0.0160493 0.0326113 0.999339 3.9125 0 0 0 1
-0.0517841 0.998192 -0.0305021 89.498 -0.998497 -0.0512024 0.0195537 -48.5463 0.0179566 0.0314689 0.999343 3.9308 0 0 0 1
-0.0311597 0.99908 -0.0294734 89.4866 -0.999284 -0.0305064 0.0223612 -49.0809 0.0214415 0.0301491 0.999315 3.95377 0 0 0 1
-0.00723279 0.999579 -0.0280998 89.4892 -0.999651 -0.00651396 0.0255893 -49.6078 0.0253955 0.0282751 0.999277 3.97683 0 0 0 1
0.0203705 0.999429 -0.0269434 89.4999 -0.999398 0.0211121 0.0275323 -50.1306 0.0280855 0.0263664 0.999258 3.99817 0 0 0 1
0.0530677 0.998249 -0.0261263 89.5339 -0.998173 0.0537838 0.0275171 -50.6535 0.0288741 0.0246184 0.99928 4.0206 0 0 0 1
0.0905215 0.995556 -0.0259521 89.5877 -0.995511 0.0911792 0.0253903 -51.1715 0.0276438 0.0235373 0.999341 4.04372 0 0 0 1
0.131863 0.990958 -0.024806 89.6558 -0.990945 0.132417 0.0222104 -51.6797 0.0252943 0.0216526 0.999445 4.06855 0 0 0 1
0.176307 0.98408 -0.0224128 89.7586 -0.9841 0.176717 0.0178552 -52.1819 0.0215317 0.0189085 0.999589 4.0931 0 0 0 1
0.223964 0.974421 -0.018557 89.887 -0.974419 0.224246 0.0148731 -52.6802 0.018654 0.0147513 0.999717 4.11845 0 0 0 1
0.274336 0.961512 -0.0152877 90.0304 -0.961477 0.274544 0.0136789 -53.1544 0.0173496 0.0109462 0.99979 4.14435 0 0 0 1
0.328086 0.94453 -0.0149156 90.2099 -0.944478 0.328286 0.0137635 -53.6177 0.0178966 0.00957181 0.999794 4.16473 0 0 0 1
0.385047 0.922704 -0.0188709 90.4121 -0.922665 0.385328 0.0145258 -54.0656 0.0206745 0.0118184 0.999716 4.18576 0 0 0 1
0.443715 0.895883 -0.0225827 90.6192 -0.895791 0.444118 0.0177913 -54.48 0.0259683 0.0123351 0.999587 4.20603 0 0 0 1
0.502252 0.864266 -0.0280474 90.8742 -0.864105 0.502855 0.0214446 -54.8828 0.0326376 0.0134653 0.999376 4.22804 0 0 0 1
0.559569 0.828284 -0.0287951 91.138 -0.82793 0.560232 0.0259306 -55.2508 0.0376098 0.00933037 0.999249 4.24686 0 0 0 1
0.614656 0.788252 -0.0292914 91.4513 -0.787719 0.615333 0.0293892 -55.6062 0.0411901 0.00500913 0.999139 4.26822 0 0 0 1
0.667093 0.744307 -0.0315388 91.7849 -0.743686 0.667831 0.0305471 -55.9409 0.043799 0.00307721 0.999036 4.29073 0 0 0 1
0.715994 0.697319 -0.033146 92.1161 -0.69672 0.716757 0.0289882 -56.2443 0.0439717 0.00233806 0.99903 4.31572 0 0 0 1
0.761389 0.647583 -0.0303885 92.4927 -0.647085 0.761995 0.0253812 -56.5324 0.0395924 0.000339014 0.999216 4.34302 0 0 0 1
0.803285 0.59503 -0.0259292 92.8893 -0.594672 0.803703 0.0206787 -56.7931 0.0331438 -0.00119151 0.99945 4.37139 0 0 0 1
0.840464 0.541445 -0.0213839 93.2848 -0.54116 0.840729 0.0179005 -57.0158 0.0276703 -0.00347265 0.999611 4.39728 0 0 0 1
0.872327 0.488661 -0.0160383 93.7148 -0.488465 0.87246 0.0147028 -57.2257 0.0211775 -0.0049915 0.999763 4.41942 0 0 0 1
0.898561 0.438724 -0.0104607 94.1577 -0.43856 0.89858 0.0148213 -57.4099 0.0159022 -0.00873019 0.999835 4.44284 0 0 0 1
0.919664 0.39264 -0.0071535 94.5982 -0.392492 0.919613 0.0162124 -57.5674 0.0129441 -0.0121023 0.999843 4.46095 0 0 0 1
0.935623 0.352993 -0.00243434 95.0671 -0.352857 0.935416 0.022115 -57.7064 0.0100836 -0.0198323 0.999752 4.4726 0 0 0 1
0.948124 0.317884 -0.00329211 95.5284 -0.317691 0.947823 0.0265442 -57.8309 0.0115583 -0.0241213 0.999642 4.4783 0 0 0 1
0.957902 0.287067 -0.0040532 96.0033 -0.286839 0.957547 0.0287578 -57.9541 0.0121365 -0.0263845 0.999578 4.48374 0 0 0 1
0.964351 0.264548 -0.00642886 96.4784 -0.264342 0.964157 0.0229149 -58.0812 0.0122605 -0.0203986 0.999717 4.49284 0 0 0 1
0.968581 0.248603 -0.00680361 96.9593 -0.24843 0.968448 0.0197763 -58.201 0.0115054 -0.0174648 0.999781 4.50686 0 0 0 1
0.971707 0.236102 -0.00646903 97.4544 -0.235891 0.971489 0.0237473 -58.3102 0.0118914 -0.0215494 0.999697 4.51473 0 0 0 1
0.974015 0.226427 -0.0050804 97.9615 -0.226189 0.973647 0.0291667 -58.4162 0.0115506 -0.0272597 0.999562 4.51636 0 0 0 1
0.975355 0.220584 -0.0049662 98.4766 -0.220266 0.974766 0.0362613 -58.5199 0.0128395 -0.0342738 0.99933 4.52552 0 0 0 1
0.975964 0.217798 -0.00758832 99.0012 -0.21729 0.975174 0.0426716 -58.6275 0.0166937 -0.0399971 0.99906 4.53909 0 0 0 1
0.976106 0.217097 -0.00927061 99.5339 -0.216493 0.97528 0.0442741 -58.7449 0.0186532 -0.0412092 0.998976 4.55754 0 0 0 1
0.975542 0.219462 -0.0124037 100.076 -0.218746 0.974814 0.0434448 -58.8705 0.0216258 -0.0396689 0.998979 4.57411 0 0 0 1
0.974465 0.223657 -0.0198784 100.624 -0.2227 0.973997 0.0416457 -59.0035 0.0286759 -0.0361554 0.998935 4.58646 0 0 0 1
0.973378 0.227834 -0.0250512 101.184 -0.226694 0.973079 0.0415607 -59.1375 0.0338457 -0.0347753 0.998822 4.6005 0 0 0 1
0.972379 0.232285 -0.0228806 101.767 -0.231063 0.971833 0.0463763 -59.2694 0.0330087 -0.0398084 0.998662 4.62161 0 0 0 1
0.971141 0.237834 -0.0179123 102.361 -0.236707 0.970298 0.0499175 -59.4041 0.0292523 -0.044237 0.998593 4.64518 0 0 0 1
0.970057 0.242486 -0.013804 102.964 -0.241614 0.969238 0.0469068 -59.5584 0.0247536 -0.042167 0.998804 4.66922 0 0 0 1
0.969221 0.246037 -0.00875432 103.577 -0.245466 0.968479 0.0423751 -59.7208 0.0189042 -0.0389219 0.999063 4.69236 0 0 0 1
0.968396 0.24938 -0.00441705 104.202 -0.249016 0.967685 0.0397084 -59.8856 0.0141768 -0.0373536 0.999202 4.7134 0 0 0 1
0.967611 0.252408 -0.00443979 104.833 -0.252101 0.967057 0.0352997 -60.0545 0.0132035 -0.0330371 0.999367 4.72946 0 0 0 1
0.967439 0.252974 -0.00809228 105.471 -0.252608 0.96705 0.0316757 -60.2293 0.0158388 -0.0286002 0.999465 4.7458 0 0 0 1
0.967441 0.252671 -0.0146569 106.113 -0.252139 0.967197 0.0309079 -60.401 0.0219856 -0.026206 0.999415 4.76282 0 0 0 1
0.967461 0.252032 -0.0223456 106.77 -0.251255 0.967371 0.0326331 -60.57 0.029841 -0.0259568 0.999218 4.78037 0 0 0 1
0.967925 0.249872 -0.0261904 107.441 -0.248869 0.967853 0.036388 -60.7397 0.0344408 -0.0287029 0.998994 4.79932 0 0 0 1
0.968671 0.247355 -0.0221764 108.133 -0.246514 0.96851 0.0349123 -60.9164 0.0301138 -0.0283517 0.999144 4.82178 0 0 0 1
0.96924 0.245609 -0.0157748 108.839 -0.245064 0.969034 0.0302923 -61.0991 0.0227264 -0.0254947 0.999417 4.8497 0 0 0 1
0.969978 0.243041 -0.00862285 109.557 -0.24268 0.969623 0.030616 -61.2775 0.0158019 -0.0276043 0.999494 4.87847 0 0 0 1
0.970429 0.241233 -0.00857806 110.279 -0.240822 0.969978 0.0338708 -61.4503 0.0164913 -0.0308034 0.999389 4.90083 0 0 0 1
0.970821 0.239509 -0.0119096 111.008 -0.238873 0.970229 0.0399374 -61.619 0.0211204 -0.0359272 0.999131 4.9201 0 0 0 1
0.971626 0.235884 -0.0173661 111.748 -0.235031 0.971126 0.0409152 -61.7978 0.0265159 -0.0356728 0.999012 4.93872 0 0 0 1
0.972525 0.231862 -0.0208442 112.5 -0.230913 0.972147 0.0401094 -61.9779 0.0295636 -0.0341942 0.998978 4.96069 0 0 0 1
0.97344 0.228084 -0.0198238 113.268 -0.227226 0.973095 0.0381479 -62.16 0.0279913 -0.0326302 0.999075 4.9874 0 0 0 1
0.974284 0.224486 -0.0194221 114.043 -0.223761 0.974059 0.0337551 -62.3446 0.0264958 -0.0285411 0.999241 5.01698 0 0 0 1
0.974758 0.222632 -0.0167772 114.834 -0.222021 0.97451 0.0322164 -62.5277 0.023522 -0.0276783 0.99934 5.04669 0 0 0 1
0.975155 0.221029 -0.0147646 115.643 -0.220539 0.974942 0.0291525 -62.7128 0.0208382 -0.0251721 0.999466 5.07211 0 0 0 1
0.975313 0.220338 -0.0146731 116.453 -0.219958 0.975218 0.0238587 -62.902 0.0195664 -0.0200423 0.999608 5.09636 0 0 0 1
0.975484 0.219683 -0.0130518 117.272 -0.219325 0.975346 0.0244351 -63.0857 0.018098 -0.0209735 0.999616 5.12283 0 0 0 1
0.975332 0.2203 -0.0139794 118.092 -0.219826 0.975098 0.0293257 -63.2624 0.0200917 -0.0255292 0.999472 5.14849 0 0 0 1
0.975147 0.22099 -0.0158541 118.917 -0.22033 0.974781 0.0354562 -63.4396 0.0232897 -0.0310819 0.999245 5.17354 0 0 0 1
0.974967 0.221797 -0.015649 119.746 -0.220958 0.974327 0.0431884 -63.6176 0.0248263 -0.0386496 0.998944 5.19785 0 0 0 1
0.97438 0.224523 -0.0131687 120.584 -0.223614 0.973382 0.0502476 -63.7954 0.0240999 -0.0460156 0.99865 5.22691 0 0 0 1
0.973684 0.2277 -0.00963465 121.425 -0.22689 0.972469 0.053149 -63.9812 0.0214714 -0.0495643 0.99854 5.2584 0 0 0 1
0.973103 0.230155 -0.00997864 122.263 -0.229315 0.971874 0.0536208 -64.1763 0.0220391 -0.0498903 0.998511 5.28778 0 0 0 1
0.972576 0.232201 -0.0133652 123.104 -0.231195 0.971438 0.0534545 -64.3721 0.0253956 -0.0488986 0.998481 5.31207 0 0 0 1
0.972362 0.233061 -0.013969 123.96 -0.232209 0.971572 0.0461096 -64.5781 0.0243183 -0.0415914 0.998839 5.32935 0 0 0 1
0.972271 0.233316 -0.0158655 124.807 -0.232555 0.971782 0.0394747 -64.7868 0.0246279 -0.0346906 0.999095 5.35293 0 0 0 1
0.971915 0.234783 -0.0160828 125.655 -0.234045 0.971475 0.0381897 -64.9881 0.0245903 -0.033353 0.999141 5.37918 0 0 0 1
0.9717 0.235832 -0.013527 126.507 -0.235104 0.971084 0.0415019 -65.1833 0.0229233 -0.0371471 0.999047 5.40305 0 0 0 1
0.971553 0.236701 -0.00760408 127.359 -0.236175 0.970769 0.042764 -65.3796 0.0175041 -0.0397516 0.999056 5.42627 0 0 0 1
0.971353 0.237639 -0.000898873 128.206 -0.237345 0.970328 0.0461615 -65.578 0.011842 -0.0446258 0.998934 5.45445 0 0 0 1
0.97101 0.238941 -0.00683238 129.027 -0.238392 0.970089 0.0457951 -65.7844 0.0175704 -0.0428387 0.998927 5.48718 0 0 0 1
0.970666 0.239428 -0.0219673 129.834 -0.23836 0.970244 0.0425522 -66.0004 0.0315019 -0.0360678 0.998853 5.52131 0 0 0 1
0.970443 0.238999 -0.0334626 130.643 -0.237691 0.970565 0.0388144 -66.2185 0.0417543 -0.0297134 0.998686 5.55692 0 0 0 1
0.970835 0.238069 -0.0283427 131.469 -0.236979 0.970806 0.0370959 -66.4309 0.0363467 -0.0292974 0.99891 5.59615 0 0 0 1
0.971568 0.236667 -0.0066776 132.313 -0.236359 0.971175 0.0308819 -66.6435 0.0137938 -0.0284255 0.999501 5.63738 0 0 0 1
0.971861 0.235261 0.0117839 133.149 -0.235502 0.971488 0.0273932 -66.8533 -0.00500339 -0.0293976 0.999555 5.67838 0 0 0 1
0.972046 0.234725 0.00552042 133.956 -0.234783 0.971575 0.030303 -67.0565 0.00174935 -0.030752 0.999526 5.69463 0 0 0 1
0.97226 0.233732 -0.00897278 134.75 -0.233236 0.971667 0.0382596 -67.2548 0.0176611 -0.0351055 0.999227 5.70082 0 0 0 1
0.97236 0.232769 -0.0183075 135.547 -0.231925 0.971934 0.0394264 -67.4604 0.026971 -0.0340906 0.999055 5.70941 0 0 0 1
0.972784 0.230818 -0.0203499 136.35 -0.230021 0.972543 0.0353548 -67.6698 0.0279517 -0.0297117 0.999168 5.73685 0 0 0 1
0.97349 0.228104 -0.0169204 137.16 -0.22742 0.973167 0.0350213 -67.8621 0.0244549 -0.0302448 0.999243 5.76257 0 0 0 1
0.974248 0.2247 -0.0187485 137.96 -0.223973 0.973982 0.0345709 -68.0496 0.0260287 -0.0294814 0.999226 5.77678 0 0 0 1
0.975291 0.219915 -0.0210865 138.756 -0.219106 0.975069 0.0351112 -68.2356 0.0282823 -0.0296235 0.999161 5.78674 0 0 0 1
0.976029 0.216827 -0.0188141 139.569 -0.215964 0.975592 0.0397566 -68.412 0.0269752 -0.0347404 0.999032 5.80832 0 0 0 1
0.97644 0.214895 -0.0196444 140.353 -0.213819 0.975779 0.0462316 -68.58 0.0291035 -0.040942 0.998738 5.82526 0 0 0 1
0.976895 0.213079 -0.0165162 141.154 -0.212088 0.976071 0.0479917 -68.7557 0.026347 -0.04338 0.998711 5.84961 0 0 0 1
0.977285 0.211589 -0.0119788 141.954 -0.210843 0.97644 0.0459446 -68.9358 0.021418 -0.0423753 0.998872 5.87374 0 0 0 1
0.977561 0.210308 -0.0119975 142.748 -0.209587 0.976765 0.0447657 -69.1134 0.0211333 -0.0412467 0.998925 5.89753 0 0 0 1
0.978053 0.207718 -0.0162715 143.539 -0.206872 0.977428 0.0428735 -69.2861 0.0248098 -0.0385665 0.998948 5.91957 0 0 0 1
0.978901 0.203333 -0.0202162 144.322 -0.202463 0.978535 0.0384417 -69.4602 0.0275987 -0.0335375 0.999056 5.93793 0 0 0 1
0.980189 0.196732 -0.0229358 145.116 -0.195869 0.979997 0.0352206 -69.6237 0.029406 -0.0300304 0.999116 5.96176 0 0 0 1
0.981594 0.190086 -0.0184349 145.917 -0.18939 0.981309 0.0341143 -69.776 0.024575 -0.029995 0.999248 5.98931 0 0 0 1
0.982901 0.183871 -0.00985138 146.722 -0.183475 0.982502 0.0320572 -69.9259 0.0155734 -0.0297016 0.999437 6.01799 0 0 0 1
0.983718 0.179707 -0.00182249 147.528 -0.17959 0.983354 0.0276261 -70.0658 0.00675677 -0.026849 0.999617 6.03655 0 0 0 1
0.984444 0.175658 0.00379984 148.329 -0.175683 0.983832 0.0347807 -70.1921 0.00237112 -0.0349072 0.999388 6.05247 0 0 0 1
0.985211 0.171339 -0.00128555 149.121 -0.171168 0.984509 0.0379924 -70.3155 0.00777524 -0.0372105 0.999277 6.06584 0 0 0 1
0.986312 0.164467 -0.0118201 149.907 -0.163913 0.985734 0.0382348 -70.4455 0.0179398 -0.035774 0.999199 6.07681 0 0 0 1
0.987249 0.158006 -0.0193054 150.702 -0.157262 0.986923 0.0353944 -70.5735 0.0246455 -0.0319071 0.999187 6.08734 0 0 0 1
0.988297 0.15138 -0.0188017 151.508 -0.150688 0.987998 0.0339653 -70.6945 0.0237177 -0.0307346 0.999246 6.10795 0 0 0 1
0.989514 0.143752 -0.0140224 152.324 -0.143079 0.988867 0.0408607 -70.7999 0.0197401 -0.0384259 0.999066 6.13571 0 0 0 1
0.990595 0.1361 -0.0141182 153.135 -0.13531 0.989699 0.0467654 -70.8973 0.0203376 -0.0444153 0.998806 6.15781 0 0 0 1
0.991789 0.126322 -0.0199427 153.941 -0.125217 0.990902 0.0493258 -70.9995 0.0259922 -0.0464236 0.998584 6.17652 0 0 0 1
0.992772 0.117802 -0.0229445 154.75 -0.116607 0.992024 0.0478609 -71.0979 0.0283997 -0.0448395 0.99859 6.19205 0 0 0 1
0.993721 0.109737 -0.0218118 155.568 -0.1086 0.992935 0.0478092 -71.1885 0.0269041 -0.0451403 0.998618 6.21155 0 0 0 1
0.994694 0.101859 -0.0144499 156.393 -0.101005 0.99358 0.0509689 -71.2597 0.0195488 -0.049239 0.998596 6.23015 0 0 0 1
0.99556 0.0937483 -0.00846306 157.222 -0.0931583 0.99418 0.054115 -71.3239 0.013487 -0.0530863 0.998499 6.25177 0 0 0 1
0.99627 0.086145 -0.00498276 158.044 -0.0857607 0.994898 0.0531271 -71.3883 0.00953397 -0.0525016 0.998575 6.27049 0 0 0 1
0.996799 0.0798618 -0.00375787 158.866 -0.0795512 0.995418 0.0530446 -71.4498 0.0079769 -0.0525759 0.998585 6.28685 0 0 0 1
0.997135 0.0754842 -0.00490966 159.688 -0.0751252 0.995799 0.0523586 -71.5059 0.00884128 -0.0518398 0.998616 6.30397 0 0 0 1
0.9974 0.0711863 -0.0112198 160.506 -0.0704381 0.99589 0.0569333 -71.5532 0.0152266 -0.055995 0.998315 6.32211 0 0 0 1
0.997556 0.0679251 -0.0163635 161.324 -0.0667535 0.995726 0.0638257 -71.5892 0.0206289 -0.0625774 0.997827 6.33674 0 0 0 1
0.997659 0.0653384 -0.0201787 162.14 -0.0639089 0.995849 0.064814 -71.6272 0.0243298 -0.0633727 0.997693 6.34964 0 0 0 1
0.99798 0.0620346 -0.013704 162.975 -0.0609926 0.995917 0.0665455 -71.6682 0.0177762 -0.0655753 0.997689 6.36387 0 0 0 1
0.998211 0.0596522 -0.00413253 163.815 -0.0592286 0.99588 0.0686671 -71.7023 0.00821164 -0.0682995 0.997631 6.37663 0 0 0 1
0.99842 0.0560427 0.0040779 164.65 -0.0561906 0.996001 0.0694616 -71.7387 -0.000168778 -0.069581 0.997576 6.39058 0 0 0 1
0.998682 0.0513116 0.00104222 165.473 -0.0512657 0.996427 0.0671269 -71.7759 0.00240589 -0.0670918 0.997744 6.39889 0 0 0 1
0.998891 0.0463668 -0.00815334 166.287 -0.0458336 0.997347 0.0565499 -71.8222 0.0107538 -0.0561135 0.998366 6.40531 0 0 0 1
0.999096 0.0394457 -0.0158386 167.104 -0.0385854 0.997934 0.0513725 -71.8577 0.0178323 -0.050715 0.998554 6.4059 0 0 0 1
0.999374 0.0325414 -0.0138763 167.932 -0.0317262 0.99796 0.0553949 -71.8716 0.0156506 -0.0549199 0.998368 6.413 0 0 0 1
0.999645 0.0250255 -0.00912963 168.767 -0.0245014 0.998262 0.0535908 -71.8865 0.0104549 -0.0533481 0.998521 6.42468 0 0 0 1
0.999836 0.0175217 -0.00464809 169.603 -0.0172717 0.998637 0.0492501 -71.9047 0.0055047 -0.0491617 0.998776 6.43472 0 0 0 1
0.999928 0.0117118 -0.0027158 170.444 -0.0115911 0.999097 0.0408696 -71.9201 0.00319201 -0.0408352 0.999161 6.43995 0 0 0 1
0.999982 0.00561554 -0.00183269 171.287 -0.00554534 0.999326 0.0362892 -71.928 0.00203524 -0.0362784 0.99934 6.44885 0 0 0 1
0.99997 -0.000498262 -0.00775371 172.123 0.000752526 0.999461 0.0328243 -71.9265 0.00773317 -0.0328292 0.999431 6.45722 0 0 0 1
0.999807 -0.0076334 -0.0180806 172.952 0.00808828 0.999649 0.0252205 -71.9259 0.0178817 -0.0253619 0.999518 6.4624 0 0 0 1
0.999563 -0.0148608 -0.0255531 173.784 0.0151924 0.999802 0.0128326 -71.9302 0.0253573 -0.0132152 0.999591 6.47345 0 0 0 1
0.999637 -0.0210461 -0.0168066 174.637 0.0213134 0.999647 0.01589 -71.9079 0.0164663 -0.0162425 0.999732 6.48783 0 0 0 1
0.99965 -0.0261788 -0.00388865 175.497 0.0262718 0.999312 0.0261768 -71.8669 0.0032007 -0.0262698 0.99965 6.50318 0 0 0 1
0.999507 -0.0310794 0.00441144 176.353 0.0309211 0.999 0.0322962 -71.8249 -0.00541078 -0.0321439 0.999469 6.51879 0 0 0 1
0.999388 -0.0349091 0.00209121 177.197 0.0348248 0.998886 0.0318582 -71.7882 -0.00320102 -0.0317659 0.99949 6.5241 0 0 0 1
0.999292 -0.0366604 -0.00842892 178.034 0.0369176 0.998783 0.03271 -71.7472 0.00721951 -0.032998 0.999429 6.52689 0 0 0 1
0.999057 -0.0391523 -0.0187527 178.871 0.039934 0.998264 0.0433037 -71.693 0.0170247 -0.0440118 0.998886 6.53451 0 0 0 1
0.998905 -0.0410079 -0.0225024 179.717 0.041958 0.998172 0.0435125 -71.6483 0.0206769 -0.0444091 0.998799 6.54662 0 0 0 1
0.998864 -0.0440143 -0.0182558 180.575 0.0446625 0.998325 0.0367632 -71.6186 0.0166071 -0.0375368 0.999157 6.56564 0 0 0 1
0.998973 -0.0443838 -0.0090884 181.437 0.0446939 0.998301 0.0373741 -71.5757 0.00741416 -0.0377419 0.99926 6.58306 0 0 0 1
