1 -1.67504e-10 -3.57554e-10 -2.60753e-11 -1.67504e-10 1 1.37088e-11 5.69012e-11 -3.57554e-10 1.37088e-11 1 1.19677e-10 0 0 0 1
0.99998 -0.00638593 0.00026094 0.0915581 0.00638581 0.999979 0.000460405 0.00232016 -0.000263876 -0.000458729 1 0.00152949 0 0 0 1
0.99991 -0.013414 9.29328e-05 0.185753 0.0134139 0.99991 0.000973509 0.00523991 -0.000105984 -0.000972175 1 0.00326402 0 0 0 1
0.999781 -0.0209332 -0.000597174 0.283465 0.0209339 0.99978 0.00125011 0.0100779 0.000570872 -0.00126234 0.999999 0.00496229 0 0 0 1
0.999545 -0.0300754 -0.00208664 0.387248 0.0300793 0.999546 0.0018301 0.017982 0.00203065 -0.00189203 0.999996 0.00375386 0 0 0 1
0.999136 -0.0413726 -0.00395506 0.501046 0.0413806 0.999142 0.00196225 0.0281154 0.00387048 -0.00212421 0.99999 0.00308897 0 0 0 1
0.998481 -0.0548714 -0.0050179 0.62795 0.054881 0.998491 0.00178619 0.040624 0.00491232 -0.00205886 0.999986 0.00281901 0 0 0 1
0.997467 -0.0709443 -0.00516647 0.767248 0.0709541 0.997478 0.00175134 0.0577537 0.00502919 -0.00211349 0.999985 0.00298917 0 0 0 1
0.99597 -0.0895346 -0.00527439 0.919945 0.0895378 0.995983 0.000386909 0.0774518 0.00521856 -0.000857607 0.999986 0.00349926 0 0 0 1
0.993974 -0.109488 -0.00536267 1.08331 0.109484 0.993988 -0.0011063 0.102853 0.00545155 0.000512505 0.999985 0.00424305 0 0 0 1
0.991287 -0.131594 -0.0057278 1.25363 0.131588 0.991304 -0.00136552 0.135181 0.00585768 0.000599915 0.999983 0.00742319 0 0 0 1
0.987773 -0.155708 -0.00764584 1.42894 0.155726 0.987798 0.00183219 0.177944 0.00726726 -0.00300044 0.999969 0.0128206 0 0 0 1
0.983415 -0.181068 -0.0104377 1.60872 0.181137 0.98344 0.00599158 0.230265 0.00917993 -0.00778286 0.999928 0.0199969 0 0 0 1
0.978087 -0.207836 -0.0122259 1.79491 0.207954 0.978094 0.00929814 0.289337 0.0100256 -0.0116368 0.999882 0.0272114 0 0 0 1
0.971361 -0.237234 -0.0132981 1.98768 0.237371 0.971369 0.00983696 0.35413 0.0105837 -0.0127118 0.999863 0.0301847 0 0 0 1
0.963321 -0.267997 -0.0137689 2.18414 0.268157 0.963307 0.0114351 0.429439 0.0101992 -0.0147079 0.99984 0.0323343 0 0 0 1
0.953884 -0.299848 -0.0139832 2.38304 0.30003 0.953834 0.0134789 0.516137 0.00929607 -0.0170527 0.999811 0.0354211 0 0 0 1
0.942629 -0.333536 -0.0143123 2.58376 0.333736 0.942545 0.0151392 0.60934 0.00844054 -0.0190472 0.999783 0.0376425 0 0 0 1
0.93013 -0.366889 -0.0158382 2.78048 0.367137 0.930003 0.01745 0.712591 0.00832739 -0.0220456 0.999722 0.0399022 0 0 0 1
0.916264 -0.400194 -0.0174671 2.97717 0.400497 0.916074 0.0202571 0.830549 0.00789443 -0.0255564 0.999642 0.0368471 0 0 0 1
0.900214 -0.435062 -0.0183395 3.17417 0.435384 0.900006 0.0207328 0.953431 0.00748563 -0.0266486 0.999617 0.0325682 0 0 0 1
0.881738 -0.471374 -0.0185881 3.37139 0.471662 0.881625 0.0165279 1.07974 0.00859686 -0.0233406 0.999691 0.0282613 0 0 0 1
0.860515 -0.509124 -0.0174854 3.56856 0.509338 0.860495 0.0111129 1.21603 0.00938823 -0.0184687 0.999785 0.0274607 0 0 0 1
0.835847 -0.548725 -0.0161083 3.76028 0.548919 0.83579 0.0119925 1.37439 0.00688258 -0.0188661 0.999798 0.0310178 0 0 0 1
0.807195 -0.590048 -0.0167256 3.94441 0.590279 0.806991 0.0183481 1.55771 0.00267115 -0.0246832 0.999692 0.0369121 0 0 0 1
0.775099 -0.63157 -0.0184799 4.12398 0.631839 0.774815 0.0209753 1.75135 0.00107113 -0.0279342 0.999609 0.0404152 0 0 0 1
0.739415 -0.672962 -0.0197098 4.30239 0.67325 0.739128 0.0206052 1.95549 0.000701572 -0.0285054 0.999593 0.0433861 0 0 0 1
0.700084 -0.713875 -0.0163049 4.48249 0.714061 0.699901 0.0159884 2.16873 -1.90814e-06 -0.0228359 0.999739 0.0440096 0 0 0 1
0.657609 -0.753241 -0.0133783 4.65553 0.75336 0.6575 0.0119668 2.40244 -0.000217672 -0.0179482 0.999839 0.0447557 0 0 0 1
0.61327 -0.789797 -0.0109918 4.81771 0.789871 0.613173 0.0110899 2.65568 -0.00201885 -0.0154832 0.999878 0.0465228 0 0 0 1
0.565565 -0.824658 -0.00867139 4.97091 0.824692 0.565467 0.011457 2.93002 -0.00454476 -0.0136309 0.999897 0.0473412 0 0 0 1
0.51478 -0.857291 -0.00729266 5.11208 0.857301 0.514689 0.0114434 3.22102 -0.00605689 -0.0121429 0.999908 0.0468667 0 0 0 1
0.46229 -0.886704 -0.00658332 5.23915 0.886692 0.462189 0.0126022 3.52999 -0.00813172 -0.0116633 0.999899 0.0456985 0 0 0 1
0.408159 -0.912894 -0.00554469 5.35395 0.912849 0.408053 0.0141511 3.86116 -0.0106559 -0.0108374 0.999885 0.0423855 0 0 0 1
0.352863 -0.935657 -0.00571886 5.45322 0.935591 0.352743 0.0155831 4.21051 -0.0125632 -0.0108492 0.999862 0.0398325 0 0 0 1
0.297739 -0.954641 -0.0034901 5.54101 0.954508 0.297631 0.0181531 4.58077 -0.0162909 -0.00873621 0.999829 0.0398702 0 0 0 1
0.243825 -0.969819 -0.000134621 5.61837 0.969628 0.243774 0.0198914 4.96375 -0.0192583 -0.00498056 0.999802 0.0411406 0 0 0 1
0.192627 -0.981271 0.00155014 5.67699 0.981075 0.19262 0.0197449 5.36165 -0.0196737 -0.00228259 0.999804 0.0403133 0 0 0 1
0.144977 -0.989434 -0.0014676 5.71294 0.989235 0.144918 0.0203304 5.77949 -0.0199029 -0.00439925 0.999792 0.0366464 0 0 0 1
0.102013 -0.994771 -0.00482352 5.73412 0.994589 0.101896 0.0202556 6.21445 -0.0196582 -0.00686374 0.999783 0.0297384 0 0 0 1
0.0637835 -0.997938 -0.007228 5.74377 0.997801 0.0636406 0.0185234 6.66325 -0.0180252 -0.00839359 0.999802 0.0208824 0 0 0 1
0.0290398 -0.999551 -0.00735496 5.74282 0.99946 0.0289221 0.0156285 7.12673 -0.0154088 -0.00780483 0.999851 0.0137771 0 0 0 1
-0.00273765 -0.99997 -0.00729539 5.73285 0.999915 -0.00283029 0.0127178 7.60327 -0.0127381 -0.00725995 0.999893 0.0100535 0 0 0 1
-0.0296468 -0.999525 -0.00841329 5.70697 0.9995 -0.0297366 0.0107536 8.09744 -0.0109987 -0.00809026 0.999907 0.0060758 0 0 0 1
-0.050905 -0.998661 -0.00919524 5.67197 0.998666 -0.0509809 0.00821135 8.60596 -0.00866915 -0.00876496 0.999924 -0.000246807 0 0 0 1
-0.067325 -0.99769 -0.00903223 5.63151 0.997705 -0.0673866 0.00669482 9.13362 -0.00728802 -0.00856076 0.999937 -0.00807553 0 0 0 1
-0.0806162 -0.996712 -0.00813566 5.58433 0.996716 -0.0806739 0.00702743 9.6767 -0.00766067 -0.00754241 0.999942 -0.0121681 0 0 0 1
-0.0904402 -0.995857 -0.00948541 5.53036 0.995857 -0.0905223 0.00861836 10.2334 -0.0094413 -0.00866667 0.999918 -0.0112764 0 0 0 1
-0.0972 -0.995193 -0.0119374 5.46876 0.995201 -0.0973224 0.0101397 10.8073 -0.0112528 -0.0108946 0.999877 -0.00905628 0 0 0 1
-0.101748 -0.994736 -0.0121399 5.40882 0.994736 -0.101882 0.010964 11.3944 -0.0121431 -0.0109604 0.999866 -0.012828 0 0 0 1
-0.103486 -0.994583 -0.00971451 5.34958 0.994557 -0.103593 0.0111724 11.9993 -0.0121182 -0.00850544 0.99989 -0.0202394 0 0 0 1
-0.102859 -0.994666 -0.00769273 5.28758 0.994599 -0.102954 0.0131602 12.6198 -0.0138821 -0.00629753 0.999884 -0.025686 0 0 0 1
-0.101373 -0.994811 -0.00862072 5.22202 0.994707 -0.101501 0.0159716 13.256 -0.0167637 -0.006956 0.999835 -0.0260342 0 0 0 1
-0.0994584 -0.99498 -0.01107 5.15389 0.99489 -0.0996315 0.0163733 13.9077 -0.017394 -0.00938496 0.999805 -0.0284627 0 0 0 1
-0.0977872 -0.995129 -0.0124978 5.08452 0.995099 -0.0979543 0.0135428 14.5694 -0.0147011 -0.0111122 0.99983 -0.0353828 0 0 0 1
-0.0965489 -0.995245 -0.0128397 5.01788 0.995223 -0.0967186 0.0133287 15.2498 -0.0145072 -0.0114915 0.999829 -0.0450062 0 0 0 1
-0.0950018 -0.995398 -0.0125407 4.95188 0.995336 -0.0951929 0.0156413 15.9475 -0.0167631 -0.0109963 0.999799 -0.0553592 0 0 0 1
-0.0931209 -0.99556 -0.0137298 4.88372 0.995448 -0.0933738 0.0190982 16.6617 -0.0202954 -0.0118889 0.999723 -0.0627987 0 0 0 1
-0.0912555 -0.995713 -0.0150816 4.81616 0.995548 -0.091578 0.0222875 17.3906 -0.0235731 -0.0129806 0.999638 -0.0689581 0 0 0 1
-0.0894247 -0.995863 -0.0161249 4.74944 0.995739 -0.0897559 0.0211432 18.1293 -0.022503 -0.0141654 0.999646 -0.0816594 0 0 0 1
-0.0875244 -0.995998 -0.0180877 4.68166 0.995966 -0.0878532 0.0182574 18.8817 -0.0197734 -0.0164168 0.99967 -0.0973648 0 0 0 1
-0.0859291 -0.996114 -0.0193279 4.61446 0.996121 -0.0862666 0.0173625 19.6459 -0.0189624 -0.017761 0.999662 -0.110821 0 0 0 1
-0.084293 -0.996299 -0.0168316 4.55424 0.996218 -0.0846193 0.0197176 20.4311 -0.0210689 -0.0151059 0.999664 -0.12343 0 0 0 1
-0.0831519 -0.99643 -0.0145871 4.49367 0.99627 -0.0834593 0.0219086 21.2229 -0.0230478 -0.012711 0.999654 -0.133668 0 0 0 1
-0.0818044 -0.996551 -0.013964 4.43038 0.996327 -0.0821258 0.0242481 22.023 -0.0253113 -0.0119291 0.999608 -0.144264 0 0 0 1
-0.0811194 -0.99661 -0.0136851 4.36662 0.99648 -0.0813851 0.0201266 22.8228 -0.0211722 -0.0120043 0.999704 -0.154174 0 0 0 1
-0.0806826 -0.99667 -0.0117606 4.30599 0.996647 -0.0808306 0.0127025 23.6277 -0.0136108 -0.0106963 0.99985 -0.162391 0 0 0 1
-0.0806975 -0.996707 -0.00790238 4.24779 0.996701 -0.0807606 0.00802504 24.4475 -0.00863682 -0.00722871 0.999937 -0.172091 0 0 0 1
-0.0812128 -0.996677 -0.0063204 4.18657 0.996665 -0.0812595 0.0075302 25.2771 -0.00801877 -0.00568777 0.999952 -0.177467 0 0 0 1
-0.0810114 -0.996681 -0.00800523 4.11814 0.996573 -0.0811319 0.0160902 26.1204 -0.0166862 -0.00667431 0.999839 -0.177623 0 0 0 1
-0.081312 -0.996641 -0.00971342 4.04801 0.996409 -0.0815164 0.022916 26.9674 -0.0236308 -0.00781518 0.99969 -0.181783 0 0 0 1
-0.0815605 -0.996594 -0.012149 3.97416 0.996228 -0.0818808 0.0287431 27.8134 -0.02964 -0.00975883 0.999513 -0.189899 0 0 0 1
-0.0818769 -0.996544 -0.0140224 3.89894 0.996173 -0.0822618 0.0295209 28.6585 -0.0305724 -0.0115517 0.999466 -0.198845 0 0 0 1
-0.0822896 -0.996509 -0.0140738 3.82609 0.996235 -0.082637 0.0261931 29.4981 -0.0272647 -0.0118654 0.999558 -0.210297 0 0 0 1
-0.0827639 -0.996476 -0.0136404 3.75529 0.996281 -0.0830613 0.0229068 30.3351 -0.0239591 -0.0116938 0.999645 -0.223845 0 0 0 1
-0.0826934 -0.996458 -0.0152837 3.68253 0.996255 -0.0830459 0.0240759 31.1771 -0.0252598 -0.0132355 0.999593 -0.235899 0 0 0 1
-0.0824423 -0.996458 -0.0165911 3.61063 0.9962 -0.0828674 0.0268069 32.0161 -0.0280868 -0.014318 0.999503 -0.24309 0 0 0 1
-0.08244 -0.996444 -0.0173886 3.53684 0.996229 -0.0828704 0.0256839 32.857 -0.0270336 -0.0152057 0.999519 -0.252115 0 0 0 1
-0.0820603 -0.99647 -0.0176982 3.46576 0.996386 -0.082418 0.0205267 33.6879 -0.0219129 -0.0159499 0.999633 -0.263209 0 0 0 1
-0.0817126 -0.996483 -0.0185463 3.39613 0.996504 -0.0820106 0.0159199 34.5215 -0.0173849 -0.0171806 0.999701 -0.272036 0 0 0 1
-0.0812691 -0.996519 -0.0186052 3.32773 0.996531 -0.0815772 0.0164461 35.3581 -0.0179066 -0.0172041 0.999692 -0.276046 0 0 0 1
-0.0804993 -0.996594 -0.0178654 3.26155 0.99654 -0.0808407 0.0192922 36.1955 -0.0206707 -0.0162506 0.999654 -0.275877 0 0 0 1
-0.0800066 -0.996637 -0.0176852 3.19481 0.996477 -0.0804163 0.0238117 37.0364 -0.0251539 -0.0157178 0.99956 -0.28001 0 0 0 1
-0.079351 -0.996697 -0.0172884 3.12799 0.996377 -0.0798341 0.0293163 37.878 -0.0305997 -0.0148995 0.999421 -0.28808 0 0 0 1
-0.0794662 -0.99668 -0.0177037 3.0613 0.996239 -0.0800215 0.0332441 38.713 -0.0345504 -0.0149954 0.99929 -0.297323 0 0 0 1
-0.0792082 -0.996708 -0.0173264 2.99607 0.996281 -0.0797419 0.0326541 39.5457 -0.0339282 -0.0146754 0.999316 -0.309485 0 0 0 1
-0.079068 -0.996725 -0.0169306 2.93 0.996406 -0.0795377 0.0291443 40.3757 -0.0303955 -0.0145654 0.999432 -0.325378 0 0 0 1
-0.078704 -0.996748 -0.0172873 2.86263 0.996565 -0.0791142 0.0244818 41.2022 -0.0257699 -0.0153011 0.999551 -0.337352 0 0 0 1
-0.0782578 -0.996711 -0.0210353 2.79054 0.99666 -0.0787125 0.0217335 42.0291 -0.0233178 -0.0192642 0.999542 -0.347773 0 0 0 1
-0.07869 -0.996606 -0.0241781 2.71901 0.996669 -0.0791695 0.0195552 42.8554 -0.021403 -0.0225587 0.999516 -0.358337 0 0 0 1
-0.0793915 -0.996583 -0.022781 2.65428 0.996647 -0.0798085 0.018019 43.6792 -0.0197756 -0.0212741 0.999578 -0.363344 0 0 0 1
-0.0807613 -0.996556 -0.0187889 2.59373 0.996603 -0.081041 0.014635 44.5028 -0.0161073 -0.0175432 0.999716 -0.368929 0 0 0 1
-0.0815633 -0.996564 -0.0144157 2.53148 0.996575 -0.0817448 0.0124872 45.3252 -0.0136228 -0.0133478 0.999818 -0.375197 0 0 0 1
-0.0831922 -0.996438 -0.0138087 2.46517 0.996392 -0.0834063 0.0157262 46.1478 -0.0168219 -0.0124506 0.999781 -0.377322 0 0 0 1
-0.0849646 -0.996305 -0.0125539 2.39819 0.996109 -0.0852305 0.0224339 46.9726 -0.023421 -0.010599 0.999669 -0.378015 0 0 0 1
-0.0867807 -0.996168 -0.0108516 2.33174 0.995853 -0.0870414 0.0264536 47.7891 -0.0272968 -0.00851089 0.999591 -0.38099 0 0 0 1
-0.0885393 -0.996024 -0.00983056 2.26364 0.995732 -0.0887629 0.0252908 48.599 -0.0260629 -0.00754936 0.999632 -0.386455 0 0 0 1
-0.0894612 -0.995899 -0.0134728 2.18549 0.995721 -0.0897432 0.0220229 49.4014 -0.0231416 -0.011445 0.999667 -0.391175 0 0 0 1
-0.0906623 -0.995731 -0.0173008 2.10568 0.995693 -0.0909693 0.0178656 50.1983 -0.0193632 -0.0156065 0.999691 -0.39709 0 0 0 1
-0.09171 -0.995553 -0.0215372 2.02304 0.995622 -0.0920661 0.01617 50.9946 -0.018081 -0.0199599 0.999637 -0.404245 0 0 0 1
-0.0926158 -0.995414 -0.0239455 1.94303 0.995509 -0.093045 0.0174777 51.789 -0.0196256 -0.0222193 0.99956 -0.406138 0 0 0 1
-0.0935528 -0.995333 -0.0236546 1.86783 0.995388 -0.0940115 0.0190838 52.5825 -0.0212186 -0.0217602 0.999538 -0.408549 0 0 0 1
-0.0944361 -0.995206 -0.0254406 1.79006 0.995311 -0.094922 0.0186162 53.3687 -0.0209418 -0.0235633 0.999503 -0.412001 0 0 0 1
-0.0949926 -0.995125 -0.0265182 1.71308 0.995259 -0.0954967 0.018439 54.1509 -0.0208815 -0.0246409 0.999478 -0.41277 0 0 0 1
-0.0955382 -0.995106 -0.0252269 1.64045 0.995175 -0.0960528 0.0200405 54.9303 -0.0223656 -0.0231905 0.999481 -0.416164 0 0 0 1
-0.0958413 -0.995101 -0.024255 1.56806 0.995086 -0.0963916 0.0226375 55.7058 -0.0248646 -0.0219662 0.999449 -0.418152 0 0 0 1
-0.0957494 -0.995085 -0.0252447 1.49119 0.994972 -0.0964252 0.0270679 56.479 -0.0293691 -0.022526 0.999315 -0.422293 0 0 0 1
-0.0961816 -0.995039 -0.0254377 1.41656 0.994854 -0.096919 0.0295438 57.2433 -0.0318626 -0.0224653 0.99924 -0.428507 0 0 0 1
-0.096921 -0.994978 -0.0250097 1.34467 0.994788 -0.0976411 0.0293861 57.9993 -0.0316805 -0.0220312 0.999255 -0.436964 0 0 0 1
-0.0974185 -0.99495 -0.0241842 1.27315 0.994796 -0.0980744 0.0276009 58.7466 -0.0298334 -0.0213695 0.999326 -0.443889 0 0 0 1
-0.0975654 -0.994949 -0.0236045 1.2005 0.994882 -0.0981299 0.0240702 59.4793 -0.0262649 -0.0211353 0.999432 -0.449022 0 0 0 1
-0.0975627 -0.99495 -0.0235692 1.12819 0.994949 -0.09807 0.0214212 60.2055 -0.0236245 -0.0213603 0.999493 -0.453019 0 0 0 1
-0.0963433 -0.995063 -0.0238286 1.05861 0.995124 -0.0968024 0.0189278 60.9143 -0.021141 -0.0218888 0.999537 -0.455273 0 0 0 1
-0.0940101 -0.995237 -0.0257804 0.990753 0.99536 -0.0944918 0.0181493 61.6091 -0.0204989 -0.0239546 0.999503 -0.45518 0 0 0 1
-0.0901506 -0.995568 -0.0267741 0.928584 0.995693 -0.0906807 0.0192916 62.2891 -0.021634 -0.0249196 0.999455 -0.453158 0 0 0 1
-0.0842921 -0.996106 -0.0258263 0.875029 0.996185 -0.08483 0.02049 62.9545 -0.0226011 -0.0240006 0.999456 -0.451884 0 0 0 1
-0.0771944 -0.996704 -0.0249324 0.827362 0.996723 -0.0777535 0.022289 63.6045 -0.0241542 -0.0231301 0.999441 -0.450032 0 0 0 1
-0.0685331 -0.997316 -0.0257771 0.783451 0.997323 -0.0691479 0.0237654 64.2396 -0.025484 -0.0240794 0.999385 -0.448759 0 0 0 1
-0.0565017 -0.998017 -0.0277448 0.746169 0.998034 -0.0572137 0.025578 64.8591 -0.0271147 -0.026245 0.999288 -0.449 0 0 0 1
-0.041929 -0.998658 -0.0303863 0.718981 0.998712 -0.0427623 0.0273101 65.4606 -0.0285728 -0.0292021 0.999165 -0.451612 0 0 0 1
-0.0234408 -0.99923 -0.031452 0.706563 0.999288 -0.0243488 0.0288047 66.0449 -0.0295484 -0.0307545 0.99909 -0.454963 0 0 0 1
-0.00161698 -0.999491 -0.0318676 0.709301 0.999553 -0.00256651 0.0297776 66.6064 -0.0298442 -0.0318052 0.999048 -0.457477 0 0 0 1
0.0237741 -0.999245 -0.0307137 0.731438 0.999267 0.0228301 0.0307294 67.1464 -0.030005 -0.0314218 0.999056 -0.458774 0 0 0 1
0.0524454 -0.998229 -0.0280587 0.774395 0.998207 0.0515912 0.0303449 67.6606 -0.0288436 -0.0295999 0.999146 -0.459949 0 0 0 1
0.0860845 -0.995954 -0.0257874 0.835174 0.995883 0.0852831 0.0307159 68.153 -0.0283924 -0.0283254 0.999195 -0.459261 0 0 0 1
0.123431 -0.992069 -0.0237597 0.912145 0.991959 0.122672 0.031145 68.6264 -0.0279833 -0.0274129 0.999232 -0.459517 0 0 0 1
0.163616 -0.986274 -0.0221873 1.00592 0.986151 0.162894 0.0311831 69.078 -0.027141 -0.0269821 0.999267 -0.458587 0 0 0 1
0.208382 -0.977855 -0.0194042 1.12293 0.977654 0.207694 0.0325073 69.5256 -0.0277573 -0.0257445 0.999283 -0.458034 0 0 0 1
0.256001 -0.966557 -0.0152221 1.2618 0.966299 0.255429 0.0319584 69.9513 -0.0270015 -0.0228905 0.999373 -0.456279 0 0 0 1
0.30543 -0.952189 -0.00696186 1.43194 0.951907 0.305137 0.0276516 70.3669 -0.0242053 -0.0150727 0.999593 -0.454605 0 0 0 1
0.356094 -0.934449 -0.00108076 1.62128 0.934214 0.355978 0.0228825 70.7592 -0.0209978 -0.00915797 0.999738 -0.455857 0 0 0 1
0.407805 -0.913058 0.0045286 1.83304 0.912882 0.407817 0.0182032 71.1487 -0.0184674 -0.00328928 0.999824 -0.461542 0 0 0 1
0.458794 -0.888524 0.00586767 2.05714 0.888351 0.458822 0.0177387 71.5194 -0.0184535 -0.00292585 0.999825 -0.468117 0 0 0 1
0.506681 -0.862094 0.00822048 2.30191 0.861929 0.506746 0.016963 71.8845 -0.0187894 -0.00150935 0.999822 -0.472078 0 0 0 1
0.551621 -0.833941 0.0160066 2.57154 0.833851 0.551822 0.0135802 72.23 -0.0201579 0.00585599 0.99978 -0.474357 0 0 0 1
0.595071 -0.803211 0.0272304 2.86341 0.803369 0.595437 0.00733996 72.5427 -0.0221095 0.0175083 0.999602 -0.476209 0 0 0 1
0.63762 -0.76985 0.0277955 3.15686 0.770099 0.637919 0.00256821 72.8509 -0.0197084 0.0197678 0.99961 -0.476624 0 0 0 1
0.679089 -0.733741 0.0215102 3.45539 0.733928 0.679226 -0.00119916 73.139 -0.0137305 0.0166013 0.999768 -0.478201 0 0 0 1
0.719854 -0.694033 0.0113734 3.77526 0.694121 0.719815 -0.00793569 73.4255 -0.00267908 0.013607 0.999904 -0.485944 0 0 0 1
0.759413 -0.650607 0.00152024 4.11886 0.65058 0.759357 -0.011066 73.6933 0.00604521 0.00939271 0.999938 -0.491819 0 0 0 1
0.796772 -0.604277 -0.00192033 4.49611 0.604219 0.796734 -0.0116005 73.9607 0.00853992 0.00808269 0.999931 -0.492258 0 0 0 1
0.831103 -0.556107 -0.00359445 4.90316 0.556025 0.831064 -0.0130229 74.2119 0.0102294 0.00882479 0.999909 -0.49286 0 0 0 1
0.862122 -0.506643 -0.00762683 5.33047 0.506546 0.862133 -0.0117598 74.4413 0.0125334 0.00627507 0.999902 -0.491147 0 0 0 1
0.888655 -0.458529 -0.0066052 5.7897 0.458464 0.888664 -0.00929423 74.6672 0.0101315 0.00523112 0.999935 -0.48308 0 0 0 1
0.910376 -0.413705 -0.00795938 6.27005 0.413692 0.910411 -0.00326864 74.8743 0.00859855 -0.000317037 0.999963 -0.477485 0 0 0 1
0.928273 -0.371725 -0.0114262 6.77222 0.371764 0.928326 0.0014479 75.0752 0.010069 -0.00559189 0.999934 -0.477512 0 0 0 1
0.942221 -0.334789 -0.0116211 7.30196 0.334873 0.942243 0.00620771 75.2612 0.00887162 -0.00974063 0.999913 -0.473647 0 0 0 1
0.952642 -0.30396 -0.00908047 7.85329 0.304032 0.952628 0.0079828 75.43 0.00622386 -0.0103655 0.999927 -0.464937 0 0 0 1
0.960154 -0.279385 -0.00690696 8.4264 0.279432 0.96014 0.00703746 75.5897 0.00466548 -0.00868707 0.999951 -0.457234 0 0 0 1
0.966169 -0.257872 -0.0044301 9.01829 0.257898 0.966146 0.00702249 75.7408 0.00246921 -0.00792743 0.999966 -0.453421 0 0 0 1
0.970918 -0.239406 -0.00181297 9.62931 0.239412 0.970868 0.00986117 75.8898 -0.000600671 -0.0100084 0.99995 -0.447174 0 0 0 1
0.974622 -0.22385 -0.00156864 10.2542 0.22385 0.974524 0.0139099 76.0356 -0.00158505 -0.013908 0.999902 -0.442111 0 0 0 1
0.977671 -0.210141 -0.000117412 10.8967 0.210107 0.977502 0.018591 76.1752 -0.00379196 -0.0182005 0.999827 -0.436813 0 0 0 1
0.980435 -0.196845 0.000206137 11.5559 0.196813 0.980294 0.0169895 76.2992 -0.00354637 -0.0166165 0.999856 -0.435734 0 0 0 1
0.983098 -0.183078 0.000271422 12.2318 0.183048 0.982957 0.0169791 76.4165 -0.00337531 -0.0166425 0.999856 -0.43591 0 0 0 1
0.985715 -0.16842 0.00103386 12.924 0.168376 0.985569 0.0174232 76.5292 -0.00395335 -0.0170002 0.999848 -0.43649 0 0 0 1
0.98807 -0.153999 0.00163174 13.6334 0.153942 0.987902 0.0187557 76.6335 -0.00450037 -0.0182808 0.999823 -0.434606 0 0 0 1
0.989999 -0.141075 -0.000553647 14.3513 0.141061 0.989821 0.0188695 76.7303 -0.00211402 -0.0187589 0.999822 -0.428881 0 0 0 1
0.99155 -0.129631 -0.00485773 15.0837 0.129704 0.991345 0.0202842 76.8209 0.00218622 -0.0207428 0.999782 -0.423463 0 0 0 1
0.992743 -0.119717 -0.0113585 15.8254 0.119905 0.992629 0.0176375 76.9025 0.00916325 -0.0188714 0.99978 -0.421458 0 0 0 1
0.993696 -0.111429 -0.0123622 16.5842 0.111631 0.993602 0.0171358 76.9801 0.0103737 -0.0184078 0.999777 -0.417706 0 0 0 1
0.99449 -0.104663 -0.00587812 17.3564 0.104757 0.994316 0.0190073 77.0588 0.00385535 -0.0195183 0.999802 -0.406479 0 0 0 1
0.995023 -0.0996266 0.00212516 18.1321 0.0995491 0.994752 0.0236129 77.1395 -0.00446648 -0.0232838 0.999719 -0.392345 0 0 0 1
0.99541 -0.0954162 0.00741647 18.9066 0.0952063 0.995149 0.0248032 77.2127 -0.00974711 -0.0239833 0.999665 -0.383439 0 0 0 1
0.995751 -0.0919151 0.00569508 19.673 0.0917635 0.99552 0.0227964 77.2775 -0.00776491 -0.022177 0.999724 -0.379158 0 0 0 1
0.996055 -0.0886138 0.00477584 20.4405 0.0884816 0.995811 0.0230509 77.3423 -0.00679847 -0.0225374 0.999723 -0.374755 0 0 0 1
0.996293 -0.0857495 0.00685643 21.2117 0.0855848 0.996099 0.0214947 77.403 -0.00867285 -0.0208282 0.999745 -0.370787 0 0 0 1
0.996472 -0.0833263 0.00998324 21.9825 0.0831192 0.996346 0.0196207 77.4597 -0.0115817 -0.0187217 0.999758 -0.366249 0 0 0 1
0.996701 -0.0802174 0.0123428 22.7541 0.0799992 0.996645 0.0172615 77.5113 -0.0136861 -0.0162172 0.999775 -0.359521 0 0 0 1
0.996955 -0.0773783 0.00961594 23.5173 0.0772129 0.996878 0.0165286 77.5594 -0.0108649 -0.0157358 0.999817 -0.352118 0 0 0 1
0.997163 -0.075251 0.00176777 24.2774 0.0752039 0.996986 0.0190416 77.6135 -0.00319534 -0.0188546 0.999817 -0.35041 0 0 0 1
0.99728 -0.0734732 -0.00593147 25.0368 0.0735761 0.997098 0.0195627 77.67 0.00447693 -0.0199459 0.999791 -0.342996 0 0 0 1
0.997334 -0.0721637 -0.0107988 25.7933 0.0723705 0.997174 0.020164 77.7244 0.00931321 -0.0208918 0.999738 -0.334731 0 0 0 1
0.997489 -0.0702584 -0.00894025 26.5607 0.0704406 0.997273 0.0220261 77.7802 0.00736835 -0.0226006 0.999717 -0.322248 0 0 0 1
0.997671 -0.0679964 -0.00536437 27.32 0.0681098 0.997365 0.0249914 77.8423 0.00365091 -0.0252986 0.999673 -0.30236 0 0 0 1
0.997824 -0.0659294 -2.06043e-05 28.0791 0.0659025 0.997409 0.0288356 77.9019 -0.00188057 -0.0287742 0.999584 -0.283507 0 0 0 1
0.997968 -0.0636958 0.00190859 28.8322 0.0636219 0.997613 0.0268279 77.9522 -0.00361286 -0.026652 0.999638 -0.271728 0 0 0 1
0.998039 -0.0625621 0.00180367 29.581 0.0625019 0.997763 0.0237197 77.9954 -0.00328359 -0.0235605 0.999717 -0.259586 0 0 0 1
0.99809 -0.0617228 0.00249004 30.3333 0.0616541 0.997859 0.0218202 78.0391 -0.00383151 -0.021625 0.999759 -0.246823 0 0 0 1
0.99817 -0.0604552 0.000913031 31.0863 0.0604208 0.997934 0.0218567 78.0838 -0.0022325 -0.0217616 0.999761 -0.236747 0 0 0 1
0.998209 -0.0598166 -0.00109243 31.8419 0.0598266 0.998014 0.0197159 78.1249 -8.90823e-05 -0.019746 0.999805 -0.224949 0 0 0 1
0.998248 -0.0591641 -0.000434064 32.6049 0.0591622 0.998084 0.0181416 78.1678 -0.000640104 -0.0181355 0.999835 -0.211843 0 0 0 1
0.998298 -0.0583146 -3.48204e-05 33.3718 0.0583023 0.998074 0.0211838 78.2194 -0.00120058 -0.0211498 0.999776 -0.200979 0 0 0 1
0.9983 -0.0582756 -0.000983555 34.142 0.0582834 0.998078 0.0210659 78.2692 -0.000245964 -0.0210874 0.999778 -0.190032 0 0 0 1
0.998196 -0.0600278 -0.00106734 34.9182 0.060037 0.997971 0.0211907 78.3201 -0.000206858 -0.0212165 0.999775 -0.174606 0 0 0 1
0.998068 -0.0621342 -0.000409351 35.7031 0.062131 0.997893 0.0187041 78.3681 -0.000753677 -0.0186934 0.999825 -0.164257 0 0 0 1
0.997872 -0.0652009 -0.00109049 36.4893 0.0652097 0.997677 0.0196792 78.423 -0.000195146 -0.0197084 0.999806 -0.152304 0 0 0 1
0.997669 -0.0682287 -0.00106125 37.2855 0.0682348 0.997391 0.0235621 78.485 -0.000549132 -0.0235796 0.999722 -0.13803 0 0 0 1
0.997481 -0.0707291 -0.00537258 38.0795 0.0708422 0.997173 0.0250644 78.5474 0.00358461 -0.0253819 0.999671 -0.126549 0 0 0 1
0.99726 -0.0732432 -0.0103853 38.8771 0.0734823 0.996985 0.0249048 78.6091 0.00852991 -0.0255997 0.999636 -0.115935 0 0 0 1
0.99711 -0.0751341 -0.0112862 39.6881 0.0753847 0.996872 0.0237143 78.6691 0.00946913 -0.0244965 0.999655 -0.109494 0 0 0 1
0.996954 -0.0773266 -0.0101941 40.5069 0.077558 0.996682 0.0246912 78.7328 0.00825098 -0.0254066 0.999643 -0.0959301 0 0 0 1
0.996794 -0.0795208 -0.00882059 41.3374 0.079712 0.996529 0.0239986 78.7977 0.00688159 -0.0246247 0.999673 -0.0818499 0 0 0 1
0.996646 -0.0814795 -0.00760837 42.1737 0.0816294 0.996418 0.0220899 78.8592 0.00578125 -0.0226368 0.999727 -0.0741407 0 0 0 1
0.996573 -0.0826338 -0.00385981 43.0179 0.0826983 0.996339 0.0216625 78.9263 0.00205563 -0.0219074 0.999758 -0.0646976 0 0 0 1
0.996496 -0.083632 0.000820417 43.8689 0.0835957 0.996273 0.0212609 78.9957 -0.00259546 -0.0211179 0.999774 -0.0513032 0 0 0 1
0.996524 -0.0832293 0.00362694 44.7235 0.0831342 0.996312 0.021262 79.0651 -0.00538319 -0.0208866 0.999767 -0.0402572 0 0 0 1
0.996698 -0.0811362 0.00328342 45.5833 0.0810305 0.996403 0.024805 79.1398 -0.00528419 -0.0244571 0.999687 -0.0320542 0 0 0 1
0.996851 -0.0792649 0.00213074 46.444 0.0791879 0.99655 0.0248472 79.2107 -0.0040929 -0.0246002 0.999689 -0.0257349 0 0 0 1
0.996981 -0.0776505 5.22696e-05 47.3077 0.0776296 0.996728 0.0225224 79.2757 -0.00180098 -0.0224504 0.999746 -0.0175307 0 0 0 1
0.997104 -0.0760367 -0.00148976 48.1765 0.0760512 0.996934 0.0184214 79.3345 8.44804e-05 -0.0184814 0.999829 -0.00783502 0 0 0 1
0.997248 -0.0741217 -0.00143145 49.047 0.0741353 0.997103 0.0169949 79.3967 0.00016761 -0.0170542 0.999855 0.000442289 0 0 0 1
0.997327 -0.0730627 0.00104182 49.9243 0.0730382 0.997212 0.0153183 79.4604 -0.00215811 -0.0152012 0.999882 0.014259 0 0 0 1
0.997364 -0.0724493 0.00401655 50.8021 0.0723956 0.997301 0.012207 79.5188 -0.0048901 -0.011884 0.999917 0.0260135 0 0 0 1
0.997425 -0.0715826 0.00445144 51.6754 0.0715292 0.997376 0.0111707 79.5808 -0.0052394 -0.0108235 0.999928 0.0356813 0 0 0 1
0.997509 -0.0705104 0.00185964 52.5426 0.0704808 0.99743 0.0128802 79.6469 -0.00276305 -0.012717 0.999915 0.044354 0 0 0 1
0.997557 -0.0697366 -0.00413502 53.4005 0.0697928 0.997441 0.0155152 79.7145 0.00304245 -0.0157659 0.999871 0.0539586 0 0 0 1
0.997597 -0.0686292 -0.00952942 54.259 0.0687859 0.997483 0.0172196 79.7801 0.00832367 -0.0178337 0.999806 0.0679002 0 0 0 1
0.997567 -0.0677758 -0.0163437 55.1109 0.068124 0.997439 0.0217849 79.8481 0.0148253 -0.0228453 0.999629 0.0885148 0 0 0 1
0.997624 -0.0667129 -0.0172003 55.9646 0.0670913 0.997494 0.0224518 79.9097 0.0156593 -0.0235525 0.9996 0.110557 0 0 0 1
0.997704 -0.066652 -0.0120158 56.8168 0.0668718 0.997582 0.0189326 79.9679 0.0107249 -0.0196927 0.999748 0.13131 0 0 0 1
0.997733 -0.0672884 -0.00116428 57.6741 0.0672984 0.99756 0.0186006 80.0289 -9.01745e-05 -0.0186368 0.999826 0.154565 0 0 0 1
0.997614 -0.0686081 0.00771214 58.5259 0.0684429 0.997455 0.0199581 80.0937 -0.0090618 -0.0193827 0.999771 0.176335 0 0 0 1
0.997458 -0.0711433 0.00406003 59.3612 0.0710706 0.997345 0.0158826 80.1493 -0.00517919 -0.0155537 0.999866 0.187342 0 0 0 1
0.997308 -0.0733205 0.00110432 60.1908 0.0733063 0.997262 0.00977087 80.2043 -0.0018177 -0.00966362 0.999952 0.197288 0 0 0 1
0.997111 -0.0759558 0.000292067 61.0206 0.0759498 0.997068 0.00932295 80.2661 -0.000999345 -0.00927384 0.999956 0.211281 0 0 0 1
0.996915 -0.0784453 -0.00256626 61.8441 0.0784683 0.99686 0.0106498 80.3346 0.00172277 -0.0108184 0.99994 0.227324 0 0 0 1
0.996623 -0.0818958 -0.00599017 62.6622 0.0819654 0.996557 0.0124802 80.4077 0.00494747 -0.012929 0.999904 0.24354 0 0 0 1
0.996258 -0.0858783 -0.00977262 63.4765 0.0860016 0.99621 0.0129919 80.4759 0.00861987 -0.0137837 0.999868 0.26017 0 0 0 1
0.995926 -0.0890242 -0.0143647 64.2849 0.0892264 0.995911 0.0141129 80.5483 0.0130496 -0.0153371 0.999797 0.282236 0 0 0 1
0.995658 -0.0920053 -0.014131 65.0941 0.0922723 0.995541 0.0195739 80.6281 0.0122671 -0.0207928 0.999709 0.30714 0 0 0 1
0.995336 -0.0955709 -0.0131647 65.9023 0.0958485 0.995145 0.0223713 80.707 0.0109628 -0.0235288 0.999663 0.328243 0 0 0 1
0.994994 -0.0995882 -0.0082655 66.7096 0.0997705 0.994677 0.0257722 80.7898 0.00565488 -0.0264679 0.999634 0.352414 0 0 0 1
0.994612 -0.103659 -0.00149791 67.5147 0.103662 0.994252 0.0267818 80.8759 -0.00128687 -0.0267928 0.99964 0.371553 0 0 0 1
0.994081 -0.108631 0.00169439 68.3119 0.108551 0.993748 0.0260986 80.9619 -0.00451892 -0.0257602 0.999658 0.386379 0 0 0 1
0.993349 -0.115125 0.00208445 69.1012 0.115035 0.993031 0.0256059 81.0539 -0.00501782 -0.0251958 0.99967 0.397969 0 0 0 1
0.992607 -0.121232 0.00580611 69.8927 0.121069 0.992377 0.0230311 81.1478 -0.00855395 -0.0221579 0.999718 0.407674 0 0 0 1
0.991799 -0.12768 0.00568269 70.6739 0.127517 0.991566 0.0231758 81.249 -0.00859386 -0.0222611 0.999715 0.416721 0 0 0 1
0.991026 -0.133593 0.00440502 71.446 0.133421 0.990668 0.0278398 81.3665 -0.00808312 -0.0270022 0.999603 0.425551 0 0 0 1
0.990272 -0.139148 0.000241209 72.2137 0.13908 0.989838 0.0296225 81.4846 -0.00436065 -0.0293007 0.999561 0.43236 0 0 0 1
0.9894 -0.145184 -0.00285158 72.9765 0.145206 0.988986 0.028667 81.6008 -0.00134184 -0.0287772 0.999585 0.439808 0 0 0 1
0.988605 -0.150483 -0.00385775 73.7398 0.150531 0.988135 0.0304779 81.7251 -0.000774444 -0.0307114 0.999528 0.449778 0 0 0 1
0.98789 -0.155153 -0.000545947 74.4992 0.15509 0.987377 0.0321582 81.8604 -0.00445039 -0.0318534 0.999483 0.461652 0 0 0 1
0.986907 -0.161244 0.00393046 75.258 0.161029 0.986394 0.0331155 81.9945 -0.00921666 -0.0320489 0.999444 0.473357 0 0 0 1
0.985824 -0.16766 0.00650036 76.0097 0.167363 0.98535 0.0327946 82.1313 -0.0119035 -0.0312418 0.999441 0.488964 0 0 0 1
0.984658 -0.174463 0.00337248 76.7528 0.174281 0.98422 0.030616 82.2675 -0.00866064 -0.0295585 0.999525 0.495531 0 0 0 1
0.983169 -0.182644 -0.00435035 77.4899 0.182694 0.982782 0.0276089 82.4101 -0.00076716 -0.0279391 0.999609 0.500023 0 0 0 1
0.981445 -0.191628 -0.00665635 78.2283 0.191735 0.98113 0.0249419 82.5569 0.00175119 -0.0257553 0.999667 0.511773 0 0 0 1
0.97931 -0.202344 -0.00308163 78.9682 0.202355 0.978975 0.0257008 82.7166 -0.00218356 -0.0257926 0.999665 0.530764 0 0 0 1
0.976889 -0.213742 0.00147496 79.706 0.213643 0.976604 0.024534 82.8821 -0.0066844 -0.0236519 0.999698 0.540101 0 0 0 1
0.97417 -0.225635 0.00907276 80.4447 0.225328 0.973917 0.0267009 83.0598 -0.0148608 -0.0239668 0.999602 0.552364 0 0 0 1
0.971449 -0.23686 0.0135525 81.1759 0.236426 0.971255 0.0277049 83.238 -0.0197251 -0.0237097 0.999524 0.559611 0 0 0 1
0.968663 -0.248256 0.00786792 81.8918 0.247911 0.968294 0.0307582 83.4236 -0.0152544 -0.0278438 0.999496 0.564417 0 0 0 1
0.965594 -0.260042 -0.00259277 82.5974 0.260004 0.965164 0.0292484 83.6166 -0.00510334 -0.0289162 0.999569 0.56612 0 0 0 1
0.962197 -0.272252 -0.0074535 83.3082 0.272354 0.961812 0.0272061 83.812 -0.000238056 -0.0282076 0.999602 0.563108 0 0 0 1
0.958628 -0.284644 -0.00333107 84.032 0.284636 0.958307 0.0251111 84.0149 -0.00395555 -0.0250204 0.999679 0.562734 0 0 0 1
0.955095 -0.296266 0.00453495 84.7559 0.296043 0.954791 0.0270653 84.2368 -0.0123484 -0.0245073 0.999623 0.570742 0 0 0 1
0.951318 -0.308053 0.00984961 85.4768 0.307679 0.95107 0.028284 84.4663 -0.0180806 -0.0238766 0.999551 0.57536 0 0 0 1
0.947168 -0.320617 0.00881293 86.1873 0.320333 0.946994 0.0242846 84.698 -0.0161319 -0.0201785 0.999666 0.574298 0 0 0 1
0.94324 -0.332089 0.00392173 86.8924 0.331929 0.943046 0.0220656 84.9399 -0.0110261 -0.0195114 0.999749 0.573072 0 0 0 1
0.940045 -0.341048 -0.00107462 87.595 0.341005 0.939867 0.0191473 85.1918 -0.00552014 -0.0183658 0.999816 0.576121 0 0 0 1
0.937224 -0.348652 -0.00720752 88.297 0.348723 0.937116 0.0143891 85.4454 0.00173749 -0.0159992 0.99987 0.579423 0 0 0 1
0.934422 -0.356047 -0.00931039 89.001 0.356149 0.934326 0.0138853 85.7112 0.00375512 -0.0162906 0.99986 0.585643 0 0 0 1
0.931467 -0.363642 -0.0115492 89.7028 0.363804 0.931283 0.0189119 85.9916 0.00387842 -0.0218175 0.999754 0.597973 0 0 0 1
0.928372 -0.371535 -0.00928821 90.3989 0.37165 0.928154 0.0201436 86.2765 0.00113683 -0.0221527 0.999754 0.599058 0 0 0 1
0.925135 -0.379622 -0.00352916 91.1034 0.379613 0.924927 0.0200778 86.5639 -0.00435776 -0.0199144 0.999792 0.592447 0 0 0 1
0.922205 -0.386679 0.00413715 91.8093 0.386521 0.92205 0.0206349 86.8588 -0.0117937 -0.0174305 0.999779 0.589781 0 0 0 1
0.919598 -0.392769 0.00844967 92.5076 0.392354 0.919293 0.0309582 87.1739 -0.0199272 -0.0251539 0.999485 0.592551 0 0 0 1
0.917268 -0.398256 0.00355081 93.1935 0.397829 0.916631 0.0389767 87.4976 -0.0187775 -0.0343395 0.999234 0.583398 0 0 0 1
0.914837 -0.403794 -0.00479882 93.8777 0.403703 0.91421 0.0352653 87.8096 -0.00985279 -0.0341993 0.999366 0.570961 0 0 0 1
0.91258 -0.408781 -0.00983942 94.5673 0.408894 0.912178 0.0271627 88.116 -0.0021283 -0.0288114 0.999583 0.560364 0 0 0 1
0.910814 -0.412649 -0.0117734 95.2608 0.412816 0.91041 0.0271232 88.4346 -0.000473744 -0.0295645 0.999563 0.559096 0 0 0 1
0.908869 -0.41699 -0.00879826 95.9601 0.417038 0.908262 0.0337552 88.7678 -0.00608446 -0.0343483 0.999391 0.562537 0 0 0 1
0.906443 -0.422297 -0.0052023 96.6615 0.422193 0.905768 0.0365789 89.0968 -0.0107351 -0.035353 0.999317 0.569232 0 0 0 1
0.903934 -0.427648 -0.00452602 97.3608 0.427551 0.903377 0.0333183 89.4251 -0.0101598 -0.0320527 0.999435 0.572434 0 0 0 1
0.901772 -0.432071 -0.0109961 98.0479 0.432197 0.901244 0.0310583 89.759 -0.00350921 -0.0327601 0.999457 0.574278 0 0 0 1
0.89946 -0.436636 -0.0179313 98.7337 0.436986 0.899035 0.0279001 90.0976 0.00393864 -0.0329308 0.99945 0.572977 0 0 0 1
0.897092 -0.441371 -0.0204357 99.4198 0.441805 0.896667 0.028231 90.443 0.00586364 -0.0343544 0.999393 0.578899 0 0 0 1
0.895188 -0.445366 -0.0169527 100.111 0.445688 0.894618 0.0319642 90.7967 0.000930425 -0.0361696 0.999345 0.589581 0 0 0 1
0.893117 -0.449559 -0.0154419 100.798 0.449823 0.892497 0.0333038 91.1501 -0.00119025 -0.0366903 0.999326 0.599441 0 0 0 1
0.890806 -0.454131 -0.0151443 101.482 0.454379 0.89015 0.0342442 91.5003 -0.00207067 -0.0373862 0.999299 0.607101 0 0 0 1
0.888512 -0.458609 -0.0149568 102.16 0.45885 0.887905 0.0328851 91.8536 -0.00180121 -0.0360817 0.999347 0.614228 0 0 0 1
0.886341 -0.462786 -0.0151319 102.835 0.463033 0.885811 0.0306409 92.2075 -0.000776171 -0.0341648 0.999416 0.620916 0 0 0 1
0.88415 -0.466986 -0.0142224 103.505 0.4672 0.883629 0.03041 92.5666 -0.00163373 -0.0335317 0.999436 0.627484 0 0 0 1
0.881962 -0.471091 -0.0146819 104.171 0.471317 0.88141 0.0312407 92.9324 -0.0017765 -0.0344729 0.999404 0.633968 0 0 0 1
0.879665 -0.475373 -0.0145151 104.831 0.475587 0.879074 0.0323431 93.2971 -0.00261516 -0.0353543 0.999371 0.639944 0 0 0 1
0.877193 -0.479807 -0.0178248 105.481 0.480135 0.876708 0.0292079 93.6587 0.00161299 -0.0341793 0.999414 0.648021 0 0 0 1
0.874803 -0.484015 -0.0212168 106.125 0.484443 0.874436 0.0260236 94.0227 0.00595693 -0.0330439 0.999436 0.656988 0 0 0 1
0.872607 -0.487837 -0.0239164 106.763 0.488337 0.872323 0.0240656 94.3862 0.0091228 -0.0326791 0.999424 0.664424 0 0 0 1
0.870686 -0.491387 -0.0210945 107.405 0.491805 0.870329 0.0255878 94.759 0.00578562 -0.0326533 0.99945 0.671322 0 0 0 1
0.868967 -0.494687 -0.0134792 108.043 0.494861 0.868462 0.0297719 95.1299 -0.00302162 -0.0325411 0.999466 0.681567 0 0 0 1
0.867418 -0.497566 -0.0038536 108.674 0.49742 0.866915 0.0321227 95.4963 -0.0126424 -0.0297807 0.999477 0.69122 0 0 0 1
0.865784 -0.500412 0.0024609 109.291 0.50009 0.865385 0.0319259 95.853 -0.0181057 -0.0264103 0.999487 0.696076 0 0 0 1
0.864105 -0.503296 0.00386949 109.892 0.503002 0.863818 0.0284118 96.2014 -0.0176421 -0.0226045 0.999589 0.694335 0 0 0 1
0.862361 -0.506294 0.000577054 110.473 0.506104 0.862067 0.0264352 96.5459 -0.0138814 -0.0225046 0.99965 0.693713 0 0 0 1
0.860738 -0.509046 -0.00161854 111.04 0.508927 0.860458 0.0245957 96.8864 -0.0111277 -0.0219942 0.999696 0.693004 0 0 0 1
0.859206 -0.511625 -0.00211534 111.593 0.511531 0.858952 0.0231635 97.2219 -0.010034 -0.0209843 0.999729 0.691533 0 0 0 1
0.857876 -0.513853 -0.00185779 112.131 0.513773 0.857668 0.0210495 97.5435 -0.009223 -0.0190124 0.999777 0.691629 0 0 0 1
0.856569 -0.516031 -0.000766251 112.653 0.515925 0.85636 0.0216569 97.8592 -0.0105195 -0.018946 0.999765 0.695364 0 0 0 1
0.855339 -0.518067 0.00115143 113.156 0.517923 0.85515 0.0218014 98.1661 -0.0122792 -0.0180513 0.999762 0.698778 0 0 0 1
0.85398 -0.520299 0.00245413 113.637 0.520149 0.85383 0.0204622 98.4576 -0.0127419 -0.0161978 0.999788 0.698909 0 0 0 1
0.852622 -0.522515 0.00373924 114.098 0.522371 0.852519 0.0184246 98.7372 -0.0128149 -0.0137559 0.999823 0.699838 0 0 0 1
0.851495 -0.524352 0.00342036 114.536 0.524225 0.851402 0.0174016 99.0077 -0.0120367 -0.0130243 0.999843 0.700603 0 0 0 1
0.850344 -0.526227 -0.0004334 114.951 0.526151 0.850206 0.0177556 99.2736 -0.008975 -0.0153264 0.999842 0.707136 0 0 0 1
0.848854 -0.528612 -0.0040653 115.349 0.528607 0.848727 0.0154 99.5265 -0.00469028 -0.0152213 0.999873 0.71303 0 0 0 1
0.846643 -0.532143 -0.00442828 115.73 0.532155 0.846566 0.0117014 99.7677 -0.00247797 -0.0122634 0.999922 0.714385 0 0 0 1
0.844036 -0.536284 -0.00157135 116.098 0.536279 0.844007 0.00757718 100.002 -0.0027373 -0.0072381 0.99997 0.713982 0 0 0 1
0.840737 -0.541444 -0.000536368 116.444 0.54143 0.840707 0.00807338 100.234 -0.00392036 -0.00707799 0.999967 0.71623 0 0 0 1
0.837136 -0.546995 -0.000508787 116.769 0.546962 0.837074 0.0118499 100.464 -0.00605597 -0.0101983 0.99993 0.720614 0 0 0 1
0.833587 -0.552388 0.000324073 117.077 0.552298 0.833462 0.0175767 100.687 -0.00997928 -0.0144728 0.999845 0.72646 0 0 0 1
0.829805 -0.558031 0.00492274 117.371 0.557791 0.829654 0.0232986 100.9 -0.0170855 -0.0165874 0.999716 0.73057 0 0 0 1
0.825237 -0.56472 0.0086703 117.648 0.564379 0.825127 0.0253126 101.098 -0.0214486 -0.0159955 0.999642 0.732736 0 0 0 1
0.819931 -0.572342 0.011733 117.906 0.572014 0.819927 0.022793 101.282 -0.0226656 -0.0119772 0.999671 0.732869 0 0 0 1
0.813259 -0.581727 0.0142611 118.151 0.581432 0.813343 0.0202357 101.459 -0.0233708 -0.00816499 0.999694 0.733858 0 0 0 1
0.804883 -0.593201 0.016615 118.377 0.592928 0.805037 0.0187524 101.632 -0.0244997 -0.00524194 0.999686 0.73487 0 0 0 1
0.794981 -0.606388 0.0172904 118.584 0.606101 0.795155 0.0192502 101.805 -0.0254216 -0.00482379 0.999665 0.73697 0 0 0 1
0.783385 -0.621341 0.0155698 118.771 0.621027 0.783512 0.0208515 101.976 -0.025155 -0.00666546 0.999661 0.738419 0 0 0 1
0.769904 -0.638014 0.0136359 118.948 0.637738 0.769996 0.0199204 102.14 -0.0232091 -0.00664064 0.999709 0.743289 0 0 0 1
0.7556 -0.654976 0.00866241 119.11 0.654789 0.755613 0.0173372 102.3 -0.0179009 -0.00742795 0.999812 0.745782 0 0 0 1
0.741019 -0.671469 0.00459291 119.258 0.671367 0.741 0.0135991 102.454 -0.0125347 -0.00699365 0.999897 0.745505 0 0 0 1
0.726169 -0.687515 -0.001469 119.397 0.687469 0.726093 0.0132402 102.615 -0.00803621 -0.0106245 0.999911 0.743048 0 0 0 1
0.711039 -0.703102 -0.00843579 119.528 0.703129 0.710864 0.0168274 102.786 -0.00583465 -0.0178964 0.999823 0.740029 0 0 0 1
0.694505 -0.719396 -0.01148 119.658 0.719464 0.694265 0.0191569 102.954 -0.00581125 -0.0215641 0.999751 0.739818 0 0 0 1
0.676379 -0.736502 -0.00876988 119.795 0.736521 0.676188 0.0175052 103.124 -0.00696253 -0.0182994 0.999808 0.735733 0 0 0 1
0.656935 -0.753921 -0.00621723 119.929 0.753902 0.656784 0.01631 103.296 -0.00821307 -0.0154018 0.999848 0.732505 0 0 0 1
0.635558 -0.772038 -0.00482256 120.047 0.771982 0.635403 0.0175483 103.472 -0.0104837 -0.0148759 0.999834 0.729377 0 0 0 1
0.612395 -0.790526 -0.00637042 120.158 0.790435 0.612147 0.022101 103.659 -0.0135718 -0.01857 0.999735 0.725654 0 0 0 1
0.588597 -0.8084 -0.00662234 120.262 0.808247 0.588273 0.0259321 103.844 -0.0170678 -0.020616 0.999642 0.723331 0 0 0 1
0.563788 -0.825887 -0.00734136 120.366 0.825686 0.563395 0.0287938 104.033 -0.0196444 -0.0222953 0.999558 0.72296 0 0 0 1
0.538633 -0.842486 -0.00958266 120.459 0.842265 0.538131 0.0317122 104.227 -0.0215604 -0.0251524 0.999451 0.722462 0 0 0 1
0.512901 -0.858354 -0.0126911 120.539 0.858098 0.512213 0.0361225 104.42 -0.0245054 -0.0294174 0.999267 0.722347 0 0 0 1
0.485828 -0.873934 -0.0145191 120.62 0.873623 0.484999 0.0394867 104.619 -0.0274671 -0.031868 0.999115 0.723226 0 0 0 1
