1 -6.98626e-11 4.81279e-10 2.92062e-08 -6.98627e-11 1 9.42989e-12 2.09143e-11 4.81279e-10 9.4299e-12 1 -1.40422e-10 0 0 0 1
0.999996 -0.00130345 0.00265294 1.52929 0.00130937 0.999997 -0.00222832 -0.00555306 -0.00265003 0.00223179 0.999994 0.0202095 0 0 0 1
0.99999 -0.0028219 0.00352263 3.05293 0.00283257 0.999991 -0.00302573 -0.00566352 -0.00351406 0.00303568 0.999989 0.0391415 0 0 0 1
0.999986 -0.00420888 0.00311587 4.56697 0.00421561 0.999989 -0.00215749 -0.00311394 -0.00310675 0.0021706 0.999993 0.0563725 0 0 0 1
0.999979 -0.0056534 0.00315215 6.08017 0.00565835 0.999983 -0.00156392 0.00696895 -0.00314326 0.00158172 0.999994 0.0678832 0 0 0 1
0.999969 -0.00693757 0.00359796 7.61617 0.00694363 0.999974 -0.00167431 0.018949 -0.00358625 0.00169924 0.999992 0.077759 0 0 0 1
0.999957 -0.00852724 0.00376711 9.1001 0.00853407 0.999962 -0.00179965 0.0323088 -0.00375162 0.00183172 0.999991 0.0887439 0 0 0 1
0.999943 -0.0102748 0.00292744 10.6004 0.0102853 0.999941 -0.00360912 0.0453452 -0.00289018 0.00363903 0.999989 0.0992163 0 0 0 1
0.999927 -0.0116152 0.00322638 12.0953 0.0116306 0.999921 -0.00479593 0.0626226 -0.00317042 0.00483311 0.999983 0.103339 0 0 0 1
0.999911 -0.012886 0.00333329 13.5885 0.0129021 0.999905 -0.00484194 0.0828505 -0.00327058 0.00488452 0.999983 0.109523 0 0 0 1
0.999897 -0.0140573 0.00295777 15.0772 0.01407 0.999892 -0.00432962 0.108935 -0.00289659 0.00437079 0.999986 0.118006 0 0 0 1
0.999888 -0.014555 0.00356739 16.5618 0.0145647 0.99989 -0.00272744 0.139971 -0.0035273 0.00277909 0.99999 0.132056 0 0 0 1
0.999878 -0.0150212 0.00426001 18.0443 0.0150263 0.999886 -0.00116029 0.174868 -0.0042421 0.00122416 0.99999 0.144917 0 0 0 1
0.999865 -0.0156131 0.00505455 19.5181 0.015614 0.999878 -0.000135463 0.20837 -0.00505182 0.000214367 0.999987 0.158246 0 0 0 1
0.999857 -0.0160507 0.00525672 20.9914 0.0160516 0.999871 -0.000137595 0.241654 -0.00525384 0.000221955 0.999986 0.165454 0 0 0 1
0.999849 -0.0165581 0.00534576 22.4535 0.0165566 0.999863 0.000323684 0.271311 -0.00535039 -0.000235127 0.999986 0.169912 0 0 0 1
0.999845 -0.0166089 0.00590864 23.9106 0.0166033 0.999862 0.0010017 0.301858 -0.00592446 -0.000903445 0.999982 0.173274 0 0 0 1
0.999837 -0.0166013 0.00703989 25.363 0.0165881 0.999861 0.00193297 0.333388 -0.007071 -0.00181588 0.999973 0.178503 0 0 0 1
0.999844 -0.0165352 0.00620848 26.804 0.0165215 0.999861 0.00226033 0.363726 -0.00624499 -0.0021574 0.999978 0.18169 0 0 0 1
0.999858 -0.0164416 0.00355338 28.2371 0.0164322 0.999862 0.00265143 0.39407 -0.00359649 -0.00259266 0.99999 0.191024 0 0 0 1
0.999864 -0.0161301 0.00351603 29.6627 0.0161264 0.999869 0.00105482 0.422104 -0.00353258 -0.000997971 0.999993 0.20334 0 0 0 1
0.999854 -0.0158734 0.00629046 31.0844 0.0158731 0.999874 9.80304e-05 0.44975 -0.00629122 1.83428e-06 0.99998 0.216443 0 0 0 1
0.999845 -0.0156913 0.00791931 32.4959 0.0157042 0.999875 -0.00157118 0.475297 -0.00789367 0.0016953 0.999967 0.225865 0 0 0 1
0.999855 -0.0154254 0.00715665 33.8904 0.0154441 0.999878 -0.00255673 0.501731 -0.00711633 0.00266689 0.999971 0.22965 0 0 0 1
0.999872 -0.0150052 0.00545617 35.2745 0.0150188 0.999884 -0.00245779 0.531704 -0.00541866 0.00253943 0.999982 0.236122 0 0 0 1
0.999887 -0.0143721 0.00429991 36.6423 0.0143794 0.999895 -0.00166054 0.564301 -0.0042756 0.00172218 0.999989 0.244372 0 0 0 1
0.999902 -0.0134752 0.00377544 37.9986 0.0134789 0.999909 -0.000962576 0.593386 -0.00376213 0.00101337 0.999992 0.255658 0 0 0 1
0.999914 -0.0123431 0.00445988 39.333 0.012345 0.999924 -0.000401785 0.622071 -0.00445459 0.000456809 0.99999 0.267442 0 0 0 1
0.999919 -0.0107636 0.00674439 40.657 0.0107621 0.999942 0.000259604 0.647201 -0.00674679 -0.000186999 0.999977 0.279163 0 0 0 1
0.999927 -0.00910497 0.00792056 41.9604 0.00910789 0.999959 -0.000333079 0.668947 -0.0079172 0.000405196 0.999969 0.288969 0 0 0 1
0.999941 -0.00682813 0.00842324 43.2429 0.00682818 0.999977 2.27656e-05 0.687327 -0.0084232 3.47529e-05 0.999964 0.297462 0 0 0 1
0.999959 -0.00343323 0.00832298 44.5063 0.00343307 0.999994 3.4448e-05 0.702153 -0.00832305 -5.8717e-06 0.999965 0.305031 0 0 0 1
0.999981 0.000282323 0.00619221 45.7476 -0.000277501 1 -0.00077953 0.7107 -0.00619242 0.000777798 0.99998 0.312734 0 0 0 1
0.999982 0.00377921 0.00458666 46.981 -0.00377433 0.999992 -0.00107067 0.714529 -0.00459067 0.00105334 0.999989 0.321046 0 0 0 1
0.999956 0.00782766 0.00520789 48.2014 -0.00782455 0.999969 -0.000618528 0.720476 -0.00521257 0.000577752 0.999986 0.324335 0 0 0 1
0.9999 0.0131182 0.00529598 49.4112 -0.0131175 0.999914 -0.000165528 0.719847 -0.0052977 9.60416e-05 0.999986 0.329258 0 0 0 1
0.999797 0.0196964 0.00431743 50.6094 -0.0197023 0.999805 0.00132798 0.715176 -0.00429043 -0.00141277 0.99999 0.332063 0 0 0 1
0.999624 0.0271167 0.00415841 51.7953 -0.027129 0.999628 0.00292178 0.703519 -0.00407763 -0.0030335 0.999987 0.335391 0 0 0 1
0.999354 0.0354996 0.0056507 52.9732 -0.0355224 0.999361 0.00398249 0.677918 -0.00550571 -0.00418065 0.999976 0.337618 0 0 0 1
0.998937 0.0456681 0.006308 54.1377 -0.0457077 0.998935 0.00628001 0.643584 -0.00601448 -0.00656166 0.99996 0.339533 0 0 0 1
0.99826 0.058575 0.00674758 55.2862 -0.0586325 0.998242 0.00866074 0.598586 -0.00622842 -0.0090413 0.99994 0.337566 0 0 0 1
0.997284 0.073257 0.00766931 56.4179 -0.0733376 0.997249 0.0108164 0.536812 -0.00685582 -0.0113495 0.999912 0.33833 0 0 0 1
0.995948 0.0894528 0.00928592 57.5375 -0.0895715 0.995892 0.0132644 0.459856 -0.00806123 -0.0140424 0.999869 0.337747 0 0 0 1
0.99419 0.10706 0.0111461 58.6475 -0.107207 0.994144 0.0136104 0.358739 -0.00962374 -0.0147262 0.999845 0.337648 0 0 0 1
0.991958 0.126091 0.0109419 59.7399 -0.126233 0.99191 0.0133985 0.237604 -0.00916394 -0.0146719 0.99985 0.337147 0 0 0 1
0.989189 0.146308 0.00992488 60.8167 -0.146427 0.989141 0.01265 0.0969134 -0.00796632 -0.0139665 0.999871 0.335082 0 0 0 1
0.985893 0.16712 0.00927984 61.879 -0.167212 0.985868 0.0102056 -0.0684455 -0.00744314 -0.0116133 0.999905 0.335162 0 0 0 1
0.981945 0.188855 0.0108933 62.9252 -0.188918 0.98198 0.00501524 -0.263525 -0.0097498 -0.00698261 0.999928 0.337105 0 0 0 1
0.977252 0.211739 0.0120015 63.9548 -0.211751 0.977324 -0.000360248 -0.482708 -0.0118057 -0.00218928 0.999928 0.337107 0 0 0 1
0.971835 0.235425 0.0105539 64.9649 -0.235379 0.971889 -0.00540638 -0.729445 -0.01153 0.00276996 0.99993 0.331274 0 0 0 1
0.965503 0.2603 0.00691897 65.9528 -0.26021 0.965481 -0.0117115 -0.998154 -0.00972863 0.00950707 0.999907 0.324454 0 0 0 1
0.958161 0.286169 0.0058862 66.9243 -0.286051 0.958088 -0.0155589 -1.29241 -0.010092 0.0132242 0.999862 0.31442 0 0 0 1
0.949672 0.313157 0.00744447 67.8797 -0.312985 0.949584 -0.0182026 -1.60323 -0.0127694 0.0149565 0.999807 0.310824 0 0 0 1
0.940118 0.340727 0.00914373 68.8184 -0.340465 0.939992 -0.0223321 -1.94653 -0.0162042 0.0178817 0.999709 0.303972 0 0 0 1
0.929425 0.368945 0.00705177 69.7327 -0.36866 0.929203 -0.0259116 -2.31246 -0.0161125 0.0214832 0.999639 0.295896 0 0 0 1
0.917493 0.397741 0.00291805 70.6224 -0.39755 0.917236 -0.0251455 -2.69519 -0.0126779 0.0219107 0.999679 0.28614 0 0 0 1
0.904511 0.426429 -0.00422291 71.4906 -0.426385 0.904159 -0.0263126 -3.10357 -0.00740225 0.0256006 0.999645 0.277792 0 0 0 1
0.890494 0.454902 -0.00920861 72.3423 -0.454971 0.890057 -0.0282795 -3.53865 -0.00466821 0.0293724 0.999558 0.272427 0 0 0 1
0.874979 0.484106 -0.00729859 73.1796 -0.484097 0.874516 -0.0295208 -3.9986 -0.00790848 0.0293633 0.999538 0.268403 0 0 0 1
0.857353 0.514728 -0.000908834 74.0049 -0.514539 0.856988 -0.0286694 -4.48014 -0.0139781 0.0250474 0.999588 0.266334 0 0 0 1
0.837843 0.545897 0.00395426 74.8005 -0.545581 0.837565 -0.0287302 -4.98647 -0.0189957 0.021914 0.999579 0.263165 0 0 0 1
0.816732 0.577016 0.000846849 75.568 -0.576844 0.816523 -0.0232697 -5.51241 -0.0141185 0.0185166 0.999729 0.253707 0 0 0 1
0.794781 0.606884 -0.0038182 76.3093 -0.606857 0.794641 -0.0164547 -6.06312 -0.00695197 0.0153949 0.999857 0.242324 0 0 0 1
0.77233 0.635197 -0.00561471 77.0222 -0.635207 0.772221 -0.0136886 -6.64018 -0.00435917 0.0141386 0.999891 0.23511 0 0 0 1
0.749187 0.662346 -0.00415618 77.715 -0.662312 0.749045 -0.0165579 -7.24919 -0.00785385 0.0151576 0.999854 0.233279 0 0 0 1
0.724867 0.688884 -0.00260865 78.3797 -0.68882 0.724737 -0.0167993 -7.87459 -0.00968218 0.0139742 0.999855 0.235311 0 0 0 1
0.699582 0.714528 -0.00593928 79.0093 -0.714519 0.699443 -0.0155455 -8.515 -0.00695349 0.0151191 0.999862 0.232968 0 0 0 1
0.673419 0.739215 -0.00824741 79.6179 -0.739249 0.673304 -0.013133 -9.17784 -0.00415508 0.0149409 0.99988 0.228382 0 0 0 1
0.646446 0.762925 -0.00724441 80.2017 -0.762951 0.646366 -0.0107864 -9.85928 -0.00354664 0.0124999 0.999916 0.226718 0 0 0 1
0.618646 0.785628 -0.00812087 80.7631 -0.785665 0.618574 -0.00981985 -10.5668 -0.00269138 0.0124553 0.999919 0.228551 0 0 0 1
0.590017 0.807316 -0.0109734 81.2993 -0.807383 0.590015 -0.00381291 -11.2909 0.00339626 0.0111095 0.999932 0.231138 0 0 0 1
0.559978 0.828373 -0.0148989 81.8224 -0.82841 0.560098 0.00524446 -12.0288 0.0126892 0.00940562 0.999875 0.252367 0 0 0 1
0.529135 0.848337 -0.0184322 82.3351 -0.848271 0.529389 0.0135756 -12.7909 0.0212745 0.00845215 0.999738 0.285902 0 0 0 1
0.497521 0.867279 -0.0173376 82.8274 -0.867101 0.497789 0.0185035 -13.5758 0.0246782 0.00582754 0.999678 0.329327 0 0 0 1
0.465288 0.885065 -0.0129363 83.2801 -0.88489 0.465457 0.0178813 -14.3857 0.0218474 0.00312728 0.999756 0.367231 0 0 0 1
0.432562 0.901585 -0.00584944 83.7146 -0.901443 0.432599 0.016094 -15.2156 0.0170406 -0.00168871 0.999853 0.409383 0 0 0 1
0.398488 0.917173 -0.000661163 84.1052 -0.917039 0.398442 0.0168156 -16.0584 0.0156863 -0.00609451 0.999858 0.441294 0 0 0 1
0.363526 0.931561 0.0065009 84.477 -0.931448 0.363346 0.0195901 -16.9216 0.0158873 -0.0131768 0.999787 0.472598 0 0 0 1
0.327931 0.944618 0.0126029 84.811 -0.944562 0.327624 0.0215751 -17.8006 0.0162512 -0.0189794 0.999688 0.497458 0 0 0 1
0.291905 0.956296 0.0170128 85.1074 -0.956335 0.291552 0.0205204 -18.6999 0.0146635 -0.02226 0.999645 0.52298 0 0 0 1
0.255767 0.966552 0.0189718 85.368 -0.966631 0.255396 0.0199445 -19.6144 0.0144321 -0.0234399 0.999621 0.554746 0 0 0 1
0.219933 0.97532 0.0195088 85.596 -0.975412 0.219576 0.0188998 -20.5455 0.0141497 -0.0231858 0.999631 0.601209 0 0 0 1
0.184562 0.982644 0.0186524 85.7836 -0.982721 0.184239 0.0177659 -21.4871 0.014021 -0.021609 0.999668 0.644942 0 0 0 1
0.149838 0.988635 0.0122359 85.9323 -0.988615 0.149641 0.0157403 -22.4398 0.0137305 -0.0144551 0.999801 0.681925 0 0 0 1
0.116173 0.993188 0.00898547 86.0465 -0.993074 0.11599 0.0187193 -23.3933 0.0175495 -0.0110979 0.999784 0.721419 0 0 0 1
0.0835423 0.996464 0.00898443 86.1377 -0.996229 0.0833037 0.0242742 -24.352 0.02344 -0.0109785 0.999665 0.753756 0 0 0 1
0.0539709 0.998538 0.00304516 86.1922 -0.998165 0.0538663 0.0276625 -25.3149 0.0274581 -0.00453254 0.999613 0.803096 0 0 0 1
0.0282222 0.999601 0.00111804 86.2198 -0.999237 0.0281817 0.0270426 -26.2857 0.0270003 -0.00188039 0.999634 0.844628 0 0 0 1
0.00568048 0.999983 0.00102154 86.2319 -0.999721 0.00565557 0.0229337 -27.2675 0.0229275 -0.00115152 0.999736 0.891154 0 0 0 1
-0.0134223 0.999909 0.0012854 86.2221 -0.999718 -0.0134449 0.019569 -28.2511 0.0195845 -0.00102237 0.999808 0.929824 0 0 0 1
-0.0300058 0.99955 -0.000105575 86.1957 -0.999301 -0.029996 0.0223172 -29.2303 0.022304 0.000775151 0.999751 0.986154 0 0 0 1
-0.0449083 0.998989 -0.00209165 86.1504 -0.998604 -0.0448325 0.027927 -30.2122 0.027805 0.00334289 0.999608 1.03667 0 0 0 1
-0.0570473 0.998354 -0.00583484 86.091 -0.997877 -0.0568343 0.0317885 -31.1984 0.0314046 0.00763592 0.999478 1.08668 0 0 0 1
-0.0664903 0.997724 -0.0112464 86.018 -0.997183 -0.0660537 0.0355399 -32.1885 0.0347162 0.0135778 0.999305 1.14403 0 0 0 1
-0.0724951 0.997267 -0.0142299 85.9382 -0.99659 -0.0718675 0.0405341 -33.1786 0.0394007 0.0171199 0.999077 1.1975 0 0 0 1
-0.0763566 0.996959 -0.0155617 85.8586 -0.996085 -0.0755739 0.0458565 -34.1696 0.044541 0.0190022 0.998827 1.25724 0 0 0 1
-0.0793048 0.996699 -0.0173912 85.7737 -0.995697 -0.078362 0.049467 -35.1682 0.0479409 0.0212394 0.998624 1.31394 0 0 0 1
-0.0821069 0.996472 -0.0174038 85.6889 -0.995297 -0.0810845 0.0529976 -36.169 0.0513994 0.0216735 0.998443 1.37759 0 0 0 1
-0.0845817 0.996255 -0.0179345 85.6013 -0.994961 -0.0834718 0.0555499 -37.1716 0.0538448 0.0225427 0.998295 1.4394 0 0 0 1
-0.0866523 0.996066 -0.0185295 85.5102 -0.994558 -0.0854111 0.0596663 -38.1753 0.0578489 0.0235989 0.998046 1.50492 0 0 0 1
-0.0888935 0.99582 -0.0209701 85.408 -0.994277 -0.087464 0.0613422 -39.1846 0.0592517 0.0263031 0.997896 1.58249 0 0 0 1
-0.0909025 0.995634 -0.0212194 85.3058 -0.994154 -0.0894795 0.0604271 -40.2024 0.0582646 0.0265884 0.997947 1.66386 0 0 0 1
-0.0932749 0.995439 -0.0200189 85.2044 -0.994006 -0.0919515 0.0591333 -41.2215 0.0570228 0.0254146 0.998049 1.74004 0 0 0 1
-0.0953323 0.995239 -0.0202654 85.0993 -0.993725 -0.0939513 0.0606974 -42.2405 0.0585045 0.0259247 0.99795 1.81078 0 0 0 1
-0.0977691 0.995033 -0.0187092 84.9941 -0.993371 -0.0964294 0.0625675 -43.2629 0.0604526 0.0247024 0.997865 1.88312 0 0 0 1
-0.100347 0.994809 -0.016913 84.8823 -0.992951 -0.0990529 0.0650932 -44.292 0.06308 0.0233257 0.997736 1.95903 0 0 0 1
-0.102814 0.994599 -0.0142018 84.7677 -0.992467 -0.101617 0.0684377 -45.325 0.066625 0.0211312 0.997554 2.03751 0 0 0 1
-0.104855 0.994435 -0.0102496 84.6537 -0.991927 -0.10384 0.0727919 -46.3601 0.0713225 0.0177995 0.997294 2.11616 0 0 0 1
-0.107233 0.994206 -0.00752077 84.5351 -0.991467 -0.106367 0.0753648 -47.4012 0.0741282 0.0155382 0.997128 2.19845 0 0 0 1
-0.109746 0.993944 -0.00567298 84.4153 -0.991289 -0.109031 0.0738856 -48.4461 0.0728196 0.0137322 0.997251 2.27953 0 0 0 1
-0.112502 0.993648 -0.00253728 84.2912 -0.991275 -0.112056 0.0694067 -49.5023 0.0686816 0.0103235 0.997585 2.37187 0 0 0 1
-0.115042 0.993358 -0.00238246 84.1617 -0.991097 -0.114618 0.0677484 -50.5568 0.0670253 0.0101552 0.9977 2.45654 0 0 0 1
-0.116926 0.993139 -0.00191934 84.0289 -0.990858 -0.116526 0.0679863 -51.6135 0.0672961 0.00985115 0.997684 2.53899 0 0 0 1
-0.118383 0.992964 -0.00289006 83.8932 -0.990503 -0.117884 0.0707577 -52.6699 0.0699192 0.0112392 0.997489 2.61782 0 0 0 1
-0.119076 0.99288 -0.003039 83.7559 -0.990223 -0.118533 0.0735349 -53.729 0.0726512 0.0117656 0.997288 2.69946 0 0 0 1
-0.119453 0.992838 -0.00203596 83.6182 -0.990083 -0.118968 0.0747116 -54.798 0.0739343 0.0109403 0.997203 2.78626 0 0 0 1
-0.119038 0.992889 0.00109276 83.485 -0.990235 -0.1188 0.0729465 -55.8715 0.0725576 0.00760134 0.997335 2.87254 0 0 0 1
-0.118966 0.992887 0.00483324 83.3528 -0.990235 -0.119001 0.07262 -56.9467 0.0726786 0.00385325 0.997348 2.96125 0 0 0 1
-0.118766 0.992885 0.00866304 83.2228 -0.990162 -0.119081 0.0734822 -58.0232 0.073991 0.000149359 0.997259 3.04711 0 0 0 1
-0.118806 0.992835 0.0127857 83.0906 -0.990095 -0.119428 0.0738208 -59.1061 0.0748189 -0.00388874 0.99719 3.13707 0 0 0 1
-0.119001 0.99276 0.0163405 82.9582 -0.990106 -0.119883 0.072926 -60.1968 0.074357 -0.00750057 0.997203 3.22666 0 0 0 1
-0.119426 0.992716 0.0158766 82.8151 -0.990414 -0.120236 0.0680009 -61.3031 0.0694146 -0.00760339 0.997559 3.31503 0 0 0 1
-0.119993 0.992704 0.0118639 82.6723 -0.990925 -0.120491 0.0595829 -62.4067 0.0605777 -0.00460663 0.998153 3.38955 0 0 0 1
-0.120323 0.992715 0.00635243 82.5233 -0.991302 -0.12049 0.0529304 -63.5171 0.0533102 7.15537e-05 0.998578 3.45152 0 0 0 1
-0.120091 0.992761 -0.00219605 82.3688 -0.99124 -0.119784 0.0556411 -64.6189 0.0549753 0.0088588 0.998448 3.50555 0 0 0 1
-0.119336 0.992824 -0.0077418 82.216 -0.991024 -0.118639 0.061605 -65.7229 0.0602444 0.015024 0.998071 3.55774 0 0 0 1
-0.118803 0.992862 -0.0105171 82.0695 -0.990751 -0.117837 0.067283 -66.8319 0.0655634 0.0184132 0.997679 3.61923 0 0 0 1
-0.118233 0.992923 -0.011221 81.9264 -0.990567 -0.117149 0.0710773 -67.9454 0.0692597 0.0195189 0.997408 3.68859 0 0 0 1
-0.118025 0.992974 -0.00853078 81.7885 -0.990637 -0.117145 0.0701165 -69.0707 0.0686246 0.0167264 0.997502 3.7604 0 0 0 1
-0.117549 0.993042 -0.00700276 81.6499 -0.991017 -0.11685 0.0650452 -70.2036 0.0637744 0.0145858 0.997858 3.83677 0 0 0 1
-0.117208 0.99309 -0.00579967 81.5125 -0.991234 -0.116627 0.0620766 -71.3405 0.0609713 0.0130247 0.998054 3.90537 0 0 0 1
-0.117005 0.993122 -0.00434847 81.3759 -0.991197 -0.116503 0.0628948 -72.4731 0.0619556 0.0116692 0.998011 3.97285 0 0 0 1
-0.116874 0.993138 -0.00407574 81.2357 -0.990924 -0.116337 0.0673497 -73.6095 0.0664134 0.0119102 0.997721 4.04147 0 0 0 1
-0.116258 0.993211 -0.00400369 81.0948 -0.990725 -0.11568 0.0712923 -74.7485 0.0703452 0.0122549 0.997447 4.1149 0 0 0 1
-0.115879 0.993254 -0.00420566 80.9537 -0.99084 -0.1153 0.0703008 -75.8995 0.0693416 0.0123136 0.997517 4.19217 0 0 0 1
-0.115328 0.993307 -0.00632202 80.8099 -0.991445 -0.114716 0.0622686 -77.0622 0.0611266 0.0134493 0.998039 4.27083 0 0 0 1
-0.115495 0.993289 -0.00621156 80.6689 -0.991477 -0.1149 0.0614067 -78.2203 0.0602809 0.0132508 0.998093 4.34448 0 0 0 1
-0.115276 0.993327 -0.00368373 80.5317 -0.99129 -0.1148 0.0645305 -79.3778 0.063677 0.0110905 0.997909 4.41299 0 0 0 1
-0.115024 0.993359 -0.00281166 80.3923 -0.991104 -0.114571 0.0677181 -80.5389 0.0669462 0.0105758 0.9977 4.48362 0 0 0 1
-0.114861 0.99338 -0.00201195 80.2523 -0.99115 -0.114467 0.0672184 -81.7139 0.0665431 0.00971493 0.997736 4.56216 0 0 0 1
-0.114324 0.993442 -0.00161042 80.1143 -0.991422 -0.113988 0.0639448 -82.8752 0.0633419 0.00890705 0.997952 4.64137 0 0 0 1
-0.113377 0.993549 -0.00268073 79.9738 -0.991618 -0.112988 0.0626672 -84.0384 0.06196 0.00976327 0.998031 4.71821 0 0 0 1
-0.112025 0.993696 -0.00421976 79.8325 -0.991767 -0.111541 0.0629059 -85.2088 0.0620387 0.0112321 0.99801 4.79156 0 0 0 1
-0.111043 0.993791 -0.00699961 79.6886 -0.991867 -0.110381 0.0633776 -86.3837 0.0622115 0.0139803 0.997965 4.85298 0 0 0 1
-0.109851 0.993925 -0.00681812 79.5481 -0.992024 -0.109209 0.0629408 -87.5717 0.0618138 0.0136778 0.997994 4.92126 0 0 0 1
-0.108566 0.994056 -0.00812475 79.4075 -0.992122 -0.107834 0.0637613 -88.7594 0.0625062 0.0149831 0.997932 4.98512 0 0 0 1
-0.107501 0.994167 -0.00869507 79.2666 -0.992394 -0.106774 0.0612581 -89.9691 0.0599724 0.0152143 0.998084 5.0598 0 0 0 1
-0.106389 0.994296 -0.0074927 79.1295 -0.992541 -0.105744 0.0606719 -91.1833 0.0595336 0.0138916 0.99813 5.13457 0 0 0 1
-0.105146 0.994419 -0.00866486 78.9915 -0.992705 -0.104439 0.0602468 -92.3976 0.0590057 0.0149364 0.998146 5.20918 0 0 0 1
-0.103469 0.994607 -0.00713253 78.8567 -0.992836 -0.102848 0.0608179 -93.6192 0.0597564 0.0133742 0.998123 5.28556 0 0 0 1
-0.101972 0.99476 -0.00730989 78.7222 -0.992808 -0.101303 0.0637993 -94.8415 0.0627245 0.0137631 0.997936 5.36123 0 0 0 1
-0.100695 0.994901 -0.00563306 78.592 -0.99294 -0.100136 0.0635878 -96.0711 0.0626995 0.0119962 0.99796 5.43777 0 0 0 1
-0.0999533 0.994991 -0.00178771 78.4792 -0.993155 -0.0996594 0.0609265 -97.3031 0.0604431 0.00786528 0.998141 5.51292 0 0 0 1
-0.0996291 0.995024 0.000746608 78.3626 -0.993103 -0.0994833 0.0620494 -98.5365 0.0618149 0.00544047 0.998073 5.5873 0 0 0 1
-0.0997329 0.995009 0.00336532 78.2459 -0.993069 -0.0997488 0.0621577 -99.7781 0.0621832 0.00285718 0.998061 5.66412 0 0 0 1
-0.100599 0.994909 0.00600643 78.1255 -0.993153 -0.100779 0.0590897 -101.025 0.0593942 -2.08918e-05 0.998235 5.74198 0 0 0 1
-0.101727 0.994779 0.00811691 78.0049 -0.993113 -0.102027 0.0576018 -102.274 0.0581293 -0.00220133 0.998307 5.81924 0 0 0 1
-0.102946 0.994638 0.00981916 77.8792 -0.993013 -0.103341 0.0569701 -103.523 0.0576794 -0.00388567 0.998328 5.89393 0 0 0 1
-0.104639 0.994458 0.0102246 77.7499 -0.99284 -0.105053 0.0568479 -104.773 0.057607 -0.00420293 0.99833 5.97088 0 0 0 1
-0.106928 0.994217 0.00993136 77.6149 -0.992674 -0.107316 0.055509 -106.022 0.0562538 -0.00392316 0.998409 6.04588 0 0 0 1
-0.109771 0.993871 0.0131055 77.4817 -0.992612 -0.110298 0.0505537 -107.273 0.0516894 -0.0074593 0.998635 6.12099 0 0 0 1
-0.113835 0.993405 0.0136813 77.3411 -0.992172 -0.114384 0.0501027 -108.515 0.0513372 -0.00787077 0.99865 6.19211 0 0 0 1
-0.119046 0.99268 0.0203353 77.2035 -0.991258 -0.119999 0.0548498 -109.744 0.0568885 -0.0136279 0.998288 6.26311 0 0 0 1
-0.126207 0.991796 0.0202927 77.0508 -0.990049 -0.127215 0.0601547 -110.981 0.0622428 -0.0124989 0.997983 6.33768 0 0 0 1
-0.135384 0.990626 0.0181988 76.8837 -0.989026 -0.136216 0.0572024 -112.206 0.0591452 -0.0102548 0.998197 6.41878 0 0 0 1
-0.146429 0.989041 0.0188828 76.7042 -0.987751 -0.147225 0.0517044 -113.436 0.0539178 -0.0110805 0.998484 6.49795 0 0 0 1
-0.159184 0.987096 0.0173669 76.5048 -0.985686 -0.159897 0.0534477 -114.658 0.0555349 -0.00861031 0.99842 6.56789 0 0 0 1
-0.173544 0.984684 0.0167416 76.2818 -0.98323 -0.174205 0.0539592 -115.878 0.0560492 -0.00709656 0.998403 6.63875 0 0 0 1
-0.188216 0.981978 0.017159 76.0477 -0.980651 -0.188862 0.0515335 -117.091 0.0538455 -0.0071276 0.998524 6.71389 0 0 0 1
-0.203725 0.978938 0.0133081 75.7884 -0.977492 -0.204148 0.0532298 -118.294 0.0548255 -0.00216431 0.998494 6.78854 0 0 0 1
-0.219078 0.975592 0.0150106 75.5202 -0.973957 -0.21958 0.0565058 -119.482 0.0584226 -0.00224047 0.998289 6.86244 0 0 0 1
-0.234353 0.972007 0.0167893 75.2344 -0.970097 -0.234945 0.0609328 -120.659 0.0631716 -0.0020075 0.998001 6.93957 0 0 0 1
-0.250351 0.967924 0.0211544 74.9364 -0.966143 -0.251179 0.05896 -121.838 0.0623823 -0.00567754 0.998036 7.01896 0 0 0 1
-0.266362 0.963504 0.0266714 74.6222 -0.962159 -0.267436 0.0522238 -123.024 0.0574507 -0.0117517 0.998279 7.09667 0 0 0 1
-0.282116 0.958882 0.0309184 74.2867 -0.957832 -0.283344 0.0476874 -124.201 0.0544872 -0.0161613 0.998384 7.16862 0 0 0 1
-0.297379 0.95415 0.0341077 73.9338 -0.953073 -0.298787 0.048775 -125.362 0.0567296 -0.0180025 0.998227 7.2372 0 0 0 1
-0.311937 0.949423 0.0359446 73.56 -0.948241 -0.31347 0.0507483 -126.513 0.0594492 -0.0182539 0.998064 7.30549 0 0 0 1
-0.325928 0.944706 0.0360778 73.1689 -0.943408 -0.327479 0.0523368 -127.653 0.0612576 -0.016978 0.997978 7.37834 0 0 0 1
-0.34026 0.939676 0.035113 72.7581 -0.938325 -0.341735 0.0525644 -128.787 0.0613928 -0.0150619 0.998 7.45348 0 0 0 1
-0.35446 0.934386 0.0357983 72.334 -0.93317 -0.355921 0.0501513 -129.913 0.059602 -0.0156293 0.9981 7.53058 0 0 0 1
-0.368992 0.928712 0.0365829 71.8944 -0.927577 -0.370456 0.0486172 -131.031 0.0587037 -0.0159941 0.998147 7.60572 0 0 0 1
-0.383741 0.922588 0.0396905 71.4427 -0.92144 -0.385383 0.0492672 -132.135 0.0607494 -0.0176665 0.997997 7.67951 0 0 0 1
-0.398479 0.91627 0.0407992 70.972 -0.914946 -0.400217 0.0519609 -133.225 0.0639387 -0.0166238 0.997815 7.75315 0 0 0 1
-0.413362 0.909611 0.0417154 70.4802 -0.908208 -0.415154 0.0529668 -134.315 0.0654975 -0.0159918 0.997725 7.83022 0 0 0 1
-0.427797 0.902929 0.0413472 69.9687 -0.901316 -0.429579 0.0556062 -135.393 0.0679703 -0.0134788 0.997596 7.91019 0 0 0 1
-0.44255 0.895662 0.0440372 69.4399 -0.893851 -0.444532 0.0584968 -136.468 0.0719693 -0.0134749 0.997316 7.99164 0 0 0 1
-0.457532 0.887996 0.0461186 68.8936 -0.885985 -0.45967 0.0611065 -137.537 0.0754617 -0.0129022 0.997065 8.07568 0 0 0 1
-0.472833 0.879874 0.047447 68.3243 -0.878059 -0.474998 0.0582228 -138.609 0.0737659 -0.0141316 0.997175 8.16259 0 0 0 1
-0.488828 0.870936 0.0501801 67.7388 -0.869442 -0.491092 0.0538423 -139.675 0.0715362 -0.017309 0.997288 8.25228 0 0 0 1
-0.50482 0.861648 0.0521515 67.1291 -0.860195 -0.507187 0.053165 -140.734 0.0722601 -0.0180217 0.997223 8.33783 0 0 0 1
-0.520634 0.852014 0.0548884 66.5 -0.850616 -0.523161 0.0524846 -141.778 0.073433 -0.0193637 0.997112 8.42228 0 0 0 1
-0.536397 0.84206 0.0566828 65.8478 -0.840748 -0.539005 0.0511501 -142.818 0.0736237 -0.0202192 0.997081 8.51085 0 0 0 1
-0.551951 0.831747 0.0595592 65.1744 -0.830521 -0.554727 0.0501255 -143.851 0.0747309 -0.0217983 0.996965 8.60177 0 0 0 1
-0.567333 0.821186 0.0615441 64.4807 -0.81999 -0.570224 0.0496028 -144.868 0.0758271 -0.0223242 0.996871 8.69316 0 0 0 1
-0.582654 0.810346 0.062085 63.7623 -0.809314 -0.585503 0.0468707 -145.882 0.0743324 -0.0229369 0.99697 8.78502 0 0 0 1
-0.597939 0.7992 0.0612208 63.0224 -0.798399 -0.600612 0.0427091 -146.884 0.0709031 -0.0233412 0.99721 8.87653 0 0 0 1
-0.612882 0.787871 0.0602972 62.262 -0.787144 -0.615428 0.0406476 -147.873 0.0691336 -0.0225504 0.997353 8.96482 0 0 0 1
-0.627692 0.776019 0.0616228 61.4795 -0.775372 -0.630285 0.039233 -148.854 0.0692855 -0.0231543 0.997328 9.05246 0 0 0 1
-0.642179 0.763714 0.0659337 60.6814 -0.76307 -0.645083 0.0399088 -149.817 0.0730116 -0.0246835 0.997026 9.14108 0 0 0 1
-0.657109 0.750463 0.0707998 59.864 -0.749868 -0.660371 0.0401092 -150.77 0.0768546 -0.0267344 0.996684 9.23021 0 0 0 1
-0.672907 0.7362 0.072144 59.0209 -0.735908 -0.676139 0.0356994 -151.715 0.0750613 -0.029069 0.996755 9.32385 0 0 0 1
-0.68908 0.721069 0.0723129 58.1531 -0.721257 -0.692092 0.0282359 -152.646 0.0704072 -0.0326994 0.996982 9.41859 0 0 0 1
-0.705819 0.70455 0.0736766 57.2629 -0.704951 -0.70882 0.0248645 -153.558 0.0697418 -0.0343885 0.996972 9.51002 0 0 0 1
-0.723057 0.686574 0.0761859 56.3496 -0.687132 -0.726175 0.0227923 -154.45 0.0709729 -0.0358697 0.996833 9.59687 0 0 0 1
-0.740379 0.667519 0.0791085 55.4135 -0.668444 -0.743543 0.0180403 -155.321 0.0708628 -0.039523 0.996703 9.68702 0 0 0 1
-0.757097 0.648414 0.0797711 54.4446 -0.649441 -0.760247 0.0158528 -156.189 0.0709249 -0.0398045 0.996687 9.77538 0 0 0 1
-0.773014 0.629174 0.0811777 53.4527 -0.630077 -0.776343 0.0172002 -157.036 0.0738437 -0.0378522 0.996551 9.86144 0 0 0 1
-0.788405 0.610059 0.0790245 52.4362 -0.61076 -0.791616 0.0178005 -157.852 0.0734165 -0.034231 0.996714 9.95155 0 0 0 1
-0.803216 0.590842 0.0758245 51.4147 -0.591367 -0.806207 0.0177376 -158.668 0.0716104 -0.030593 0.996963 10.0508 0 0 0 1
-0.817424 0.570779 0.0776488 50.3807 -0.571205 -0.820592 0.0188027 -159.454 0.0744502 -0.0289835 0.996803 10.1494 0 0 0 1
-0.830905 0.550391 0.0816471 49.3329 -0.550763 -0.834424 0.0199319 -160.206 0.0790986 -0.0284067 0.996462 10.2481 0 0 0 1
-0.843887 0.530256 0.0817574 48.2636 -0.530513 -0.847433 0.0203373 -160.937 0.0800679 -0.0262111 0.996445 10.3523 0 0 0 1
-0.855988 0.511014 0.0784146 47.1727 -0.511279 -0.859223 0.0181834 -161.627 0.0766676 -0.0245269 0.996755 10.4564 0 0 0 1
-0.866375 0.49296 0.0799102 46.0645 -0.493141 -0.869746 0.0188322 -162.297 0.0787851 -0.0230912 0.996624 10.5665 0 0 0 1
-0.875669 0.475938 0.0817716 44.9439 -0.475773 -0.879274 0.022739 -162.927 0.082722 -0.0189929 0.996392 10.6698 0 0 0 1
-0.884486 0.458965 0.0838799 43.8139 -0.458949 -0.888223 0.0206212 -163.549 0.0839685 -0.0202574 0.996262 10.7824 0 0 0 1
-0.892626 0.442619 0.085485 42.6685 -0.442842 -0.896431 0.0173758 -164.147 0.0843223 -0.0223463 0.996188 10.8974 0 0 0 1
-0.899986 0.427454 0.0854911 41.5136 -0.427821 -0.903741 0.0149043 -164.724 0.0836327 -0.0231612 0.996227 11.0101 0 0 0 1
-0.906515 0.413313 0.0860416 40.3493 -0.413744 -0.910292 0.0136081 -165.278 0.0839474 -0.0232632 0.996199 11.1238 0 0 0 1
-0.912675 0.399471 0.0863005 39.1781 -0.400079 -0.916416 0.0108836 -165.815 0.0834348 -0.0245938 0.99621 11.2354 0 0 0 1
-0.918588 0.386165 0.0841001 37.9953 -0.387076 -0.922029 0.00584315 -166.339 0.0797992 -0.0271857 0.99644 11.3467 0 0 0 1
-0.923994 0.373671 0.081271 36.8011 -0.374793 -0.927107 0.00155833 -166.848 0.0759293 -0.0290199 0.996691 11.4546 0 0 0 1
-0.928537 0.362879 0.0783447 35.599 -0.363841 -0.931459 0.00212792 -167.335 0.073747 -0.0265292 0.996924 11.5585 0 0 0 1
-0.931806 0.354534 0.0777429 34.3969 -0.355179 -0.93478 0.00583335 -167.801 0.0747407 -0.0221771 0.996956 11.6574 0 0 0 1
-0.934029 0.348627 0.0777785 33.1902 -0.348824 -0.937118 0.0114836 -168.255 0.0768911 -0.016405 0.996905 11.7562 0 0 0 1
-0.935692 0.343899 0.0788282 31.9845 -0.343762 -0.938925 0.0157331 -168.7 0.0794244 -0.0123768 0.996764 11.8586 0 0 0 1
-0.937521 0.338815 0.0791123 30.7713 -0.338857 -0.940744 0.0133024 -169.15 0.0789315 -0.0143365 0.996777 11.9636 0 0 0 1
-0.939575 0.333491 0.0773408 29.557 -0.334068 -0.942532 0.0057448 -169.59 0.074812 -0.0204394 0.996988 12.0702 0 0 0 1
-0.94152 0.328154 0.0765162 28.3281 -0.329158 -0.944275 -0.000541991 -169.988 0.0720744 -0.0256962 0.997068 12.1762 0 0 0 1
-0.942935 0.322984 0.0809565 27.1024 -0.324555 -0.945843 -0.00669196 -170.383 0.0744108 -0.0325849 0.996695 12.2776 0 0 0 1
-0.944011 0.31902 0.0840853 25.8794 -0.320871 -0.947079 -0.00913432 -170.774 0.0767214 -0.0356034 0.996417 12.3782 0 0 0 1
-0.944607 0.316525 0.086767 24.6501 -0.318434 -0.947905 -0.00875105 -171.154 0.0794769 -0.0358959 0.99619 12.4843 0 0 0 1
-0.944786 0.315541 0.0883895 23.4237 -0.317498 -0.948219 -0.00866727 -171.541 0.0810777 -0.0362522 0.996048 12.5923 0 0 0 1
-0.94461 0.315949 0.0888177 22.1945 -0.317672 -0.948184 -0.00561538 -171.92 0.0824414 -0.0335193 0.996032 12.703 0 0 0 1
-0.944073 0.317057 0.0905607 20.9742 -0.318679 -0.947856 -0.00366106 -172.293 0.0846777 -0.0323161 0.995884 12.818 0 0 0 1
-0.943535 0.318133 0.0923713 19.7639 -0.319809 -0.947475 -0.00354919 -172.649 0.0863904 -0.03289 0.995718 12.9316 0 0 0 1
-0.943051 0.319832 0.0914478 18.5537 -0.321381 -0.946947 -0.00235697 -173.027 0.0858424 -0.0316123 0.995807 13.0442 0 0 0 1
-0.942214 0.322353 0.091218 17.3544 -0.323854 -0.946106 -0.00175433 -173.41 0.0857364 -0.0311943 0.995829 13.1596 0 0 0 1
-0.940869 0.325959 0.0922773 16.1572 -0.327601 -0.944812 -0.00281744 -173.816 0.0862664 -0.032881 0.995729 13.2763 0 0 0 1
-0.939511 0.330413 0.0902539 14.9595 -0.332115 -0.94323 -0.00411193 -174.232 0.0837716 -0.0338379 0.99591 13.3931 0 0 0 1
-0.937764 0.33606 0.0875327 13.7613 -0.337897 -0.94116 -0.00664796 -174.66 0.0801481 -0.0358113 0.996139 13.5059 0 0 0 1
-0.935486 0.342727 0.086051 12.5691 -0.344659 -0.938692 -0.00823038 -175.094 0.0779546 -0.0373576 0.996257 13.6137 0 0 0 1
-0.932859 0.350282 0.0841242 11.3813 -0.352012 -0.935975 -0.00621768 -175.525 0.0765602 -0.035413 0.996436 13.7195 0 0 0 1
-0.929491 0.358896 0.0850923 10.1997 -0.360622 -0.932697 -0.00533321 -175.973 0.0774512 -0.0356433 0.996359 13.8254 0 0 0 1
-0.925754 0.3684 0.0852104 9.02766 -0.370004 -0.929025 -0.00327879 -176.429 0.0779547 -0.0345635 0.996358 13.933 0 0 0 1
-0.921513 0.378965 0.0848452 7.84773 -0.380362 -0.924838 -0.000323257 -176.895 0.0783455 -0.0325697 0.996394 14.0389 0 0 0 1
-0.916578 0.390685 0.0851476 6.67414 -0.391996 -0.919966 0.00143033 -177.382 0.0788917 -0.0320665 0.996367 14.148 0 0 0 1
-0.910777 0.40382 0.0861079 5.50803 -0.405 -0.914308 0.00407001 -177.883 0.0803727 -0.0311668 0.996277 14.2519 0 0 0 1
-0.90476 0.417412 0.0847135 4.34342 -0.418434 -0.908226 0.0061627 -178.401 0.0795114 -0.0298713 0.996386 14.3633 0 0 0 1
-0.898695 0.430709 0.0826803 3.19014 -0.431742 -0.901978 0.00587667 -178.946 0.077107 -0.0304152 0.996559 14.4716 0 0 0 1
-0.892156 0.444342 0.0813429 2.0406 -0.445206 -0.895391 0.00819966 -179.512 0.0764772 -0.0288989 0.996652 14.5733 0 0 0 1
-0.885365 0.458011 0.0797114 0.905196 -0.458654 -0.888545 0.0111367 -180.09 0.0759279 -0.0266999 0.996756 14.6736 0 0 0 1
-0.878254 0.472082 0.07622 -0.219648 -0.47255 -0.881209 0.012918 -180.685 0.0732641 -0.0246725 0.997007 14.7742 0 0 0 1
-0.870841 0.486296 0.0717762 -1.33249 -0.486573 -0.873515 0.0147514 -181.294 0.0698712 -0.0220783 0.997312 14.8748 0 0 0 1
-0.862907 0.500768 0.0679881 -2.42617 -0.500793 -0.865382 0.0179052 -181.915 0.067802 -0.0185975 0.997525 14.9722 0 0 0 1
-0.853977 0.516287 0.0645753 -3.50454 -0.516068 -0.856282 0.021316 -182.553 0.0662998 -0.0151219 0.997685 15.071 0 0 0 1
-0.843863 0.533046 0.0612891 -4.5667 -0.532622 -0.846001 0.0244302 -183.201 0.064873 -0.0120282 0.997821 15.1659 0 0 0 1
-0.833087 0.550104 0.0578978 -5.61278 -0.549475 -0.835051 0.0277037 -183.868 0.0635875 -0.00873377 0.997938 15.2526 0 0 0 1
-0.82196 0.566831 0.0555305 -6.64325 -0.566089 -0.823805 0.0298089 -184.548 0.0626429 -0.00693349 0.998012 15.3305 0 0 0 1
-0.81025 0.583622 0.0536689 -7.65808 -0.58276 -0.812008 0.0321377 -185.255 0.0623359 -0.00523657 0.998041 15.4032 0 0 0 1
-0.797659 0.600913 0.0514127 -8.65469 -0.599941 -0.799307 0.0343523 -185.982 0.0617373 -0.00344314 0.998086 15.4827 0 0 0 1
-0.784071 0.618823 0.0478668 -9.6356 -0.617795 -0.785529 0.0356845 -186.725 0.0596832 -0.00159272 0.998216 15.5633 0 0 0 1
-0.769036 0.637706 0.0437477 -10.5927 -0.636626 -0.77028 0.0371002 -187.494 0.057357 0.000680459 0.998353 15.6417 0 0 0 1
-0.752452 0.657307 0.0419973 -11.5192 -0.65608 -0.753618 0.0402331 -188.281 0.0580955 0.00271987 0.998307 15.7226 0 0 0 1
-0.735123 0.676664 0.0414719 -12.4136 -0.67528 -0.736281 0.0434391 -189.076 0.0599287 0.003928 0.998195 15.8056 0 0 0 1
-0.717276 0.695599 0.0407089 -13.2851 -0.694184 -0.718421 0.044495 -189.898 0.0601968 0.00365572 0.99818 15.8907 0 0 0 1
-0.698236 0.714815 0.0388068 -14.1309 -0.71342 -0.699305 0.0447811 -190.74 0.059148 0.00358227 0.998243 15.976 0 0 0 1
-0.678238 0.733841 0.0383384 -14.948 -0.732497 -0.679318 0.0444421 -191.611 0.0586575 0.00205959 0.998276 16.0606 0 0 0 1
-0.657676 0.7523 0.0388192 -15.7324 -0.750961 -0.65882 0.0448695 -192.5 0.0593302 0.000357894 0.998238 16.1483 0 0 0 1
-0.636789 0.770026 0.0394971 -16.4974 -0.768727 -0.63801 0.0447363 -193.402 0.0596477 -0.00187489 0.998218 16.2294 0 0 0 1
-0.615432 0.78724 0.0386916 -17.237 -0.785968 -0.61664 0.0448132 -194.318 0.0591375 -0.0028309 0.998246 16.3005 0 0 0 1
-0.59297 0.804412 0.0361733 -17.9556 -0.803165 -0.594067 0.0448312 -195.251 0.0575521 -0.00246958 0.998339 16.3702 0 0 0 1
-0.568847 0.821717 0.0345658 -18.6463 -0.820467 -0.56989 0.0453836 -196.18 0.0569912 -0.00254383 0.998371 16.4382 0 0 0 1
-0.543545 0.838764 0.0321379 -19.3045 -0.837344 -0.544495 0.0487878 -197.145 0.0584203 -0.000392092 0.998292 16.5075 0 0 0 1
-0.51676 0.855599 0.0301554 -19.9362 -0.854123 -0.517639 0.0502448 -198.129 0.058599 0.000208078 0.998282 16.5768 0 0 0 1
-0.489556 0.871491 0.0289399 -20.5277 -0.870106 -0.49041 0.049131 -199.144 0.0570096 -0.00112842 0.998373 16.6464 0 0 0 1
-0.46152 0.886721 0.0269194 -21.0875 -0.885464 -0.4623 0.0472474 -200.178 0.0543401 -0.00203052 0.99852 16.7145 0 0 0 1
-0.432016 0.901527 0.0247221 -21.6154 -0.900236 -0.43272 0.0482537 -201.213 0.0541998 -0.00140941 0.998529 16.7863 0 0 0 1
-0.401015 0.91578 0.0231026 -22.1098 -0.914354 -0.401679 0.0510884 -202.27 0.0560656 -0.000636744 0.998427 16.8502 0 0 0 1
-0.369134 0.929165 0.019798 -22.5716 -0.927646 -0.369663 0.0531176 -203.344 0.0566736 0.00124197 0.998392 16.9084 0 0 0 1
-0.337138 0.941323 0.0157688 -22.9961 -0.93977 -0.337489 0.054157 -204.421 0.0563011 0.0034393 0.998408 16.9724 0 0 0 1
-0.304392 0.952453 0.0134075 -23.3765 -0.950939 -0.304666 0.0537889 -205.527 0.0553162 0.00362325 0.998462 17.0407 0 0 0 1
-0.270862 0.962574 0.00917007 -23.7195 -0.961117 -0.270959 0.0532384 -206.645 0.0537307 0.00560679 0.99854 17.1115 0 0 0 1
-0.236702 0.971559 0.00675621 -24.0177 -0.970222 -0.236733 0.0512467 -207.789 0.0513886 0.00557519 0.998663 17.184 0 0 0 1
-0.201747 0.979432 0.00343171 -24.2749 -0.978167 -0.201663 0.0502206 -208.936 0.0498797 0.00677509 0.998732 17.2579 0 0 0 1
-0.166509 0.98604 0.000333433 -24.4899 -0.984816 -0.16632 0.0497444 -210.065 0.0491054 0.00795455 0.998762 17.3303 0 0 0 1
-0.130838 0.991401 -0.00219725 -24.6603 -0.990189 -0.130568 0.0497792 -211.215 0.0490643 0.00868872 0.998758 17.3996 0 0 0 1
-0.0950853 0.995457 -0.00500709 -24.7902 -0.994258 -0.0947205 0.0497845 -212.368 0.049084 0.00971212 0.998747 17.4697 0 0 0 1
-0.0596547 0.998202 -0.00591038 -24.8745 -0.996975 -0.0592838 0.0502664 -213.509 0.0498256 0.00889114 0.998718 17.5414 0 0 0 1
-0.025018 0.999661 -0.00725721 -24.9197 -0.998427 -0.0246215 0.0503629 -214.676 0.0501672 0.00850579 0.998705 17.6062 0 0 0 1
0.00865648 0.999929 -0.00818187 -24.9231 -0.998736 0.00905077 0.0494497 -215.836 0.0495203 0.00774349 0.998743 17.6687 0 0 0 1
0.041857 0.999086 -0.00872544 -24.8841 -0.997866 0.0422408 0.0497969 -216.995 0.05012 0.00662247 0.998721 17.7375 0 0 0 1
0.074848 0.997129 -0.0114901 -24.8048 -0.995902 0.0753326 0.0500446 -218.15 0.0507665 0.00769725 0.998681 17.8085 0 0 0 1
0.107032 0.994153 -0.0142729 -24.6934 -0.993025 0.107602 0.0482039 -219.297 0.0494579 0.00901398 0.998735 17.8765 0 0 0 1
0.138331 0.990238 -0.0171445 -24.542 -0.989188 0.138994 0.0467701 -220.453 0.0486965 0.0104894 0.998759 17.9465 0 0 0 1
0.168595 0.985479 -0.0201703 -24.3576 -0.984434 0.169376 0.0469258 -221.606 0.0496608 0.0119449 0.998695 18.0126 0 0 0 1
0.198443 0.97982 -0.0239192 -24.1417 -0.978798 0.199382 0.0469108 -222.756 0.0507332 0.0141029 0.998613 18.0761 0 0 0 1
0.228345 0.973184 -0.0277846 -23.8899 -0.97223 0.229438 0.0461274 -223.908 0.0512653 0.0164801 0.998549 18.1391 0 0 0 1
0.258476 0.965488 -0.0319885 -23.6028 -0.96465 0.259729 0.0446096 -225.052 0.0513784 0.0193272 0.998492 18.2043 0 0 0 1
0.288325 0.956878 -0.0353992 -23.2793 -0.956145 0.2897 0.043134 -226.192 0.0515292 0.0214101 0.998442 18.2692 0 0 0 1
0.317775 0.947308 -0.0403297 -22.9231 -0.946689 0.319366 0.042248 -227.325 0.0529019 0.0247543 0.998293 18.334 0 0 0 1
0.346315 0.937146 -0.0427002 -22.5281 -0.936561 0.348003 0.0417939 -228.436 0.0540268 0.0255175 0.998213 18.4002 0 0 0 1
0.37441 0.926182 -0.0447669 -22.0979 -0.9257 0.376146 0.0399315 -229.55 0.0538227 0.02649 0.998199 18.4675 0 0 0 1
0.402384 0.914287 -0.0465499 -21.6312 -0.913847 0.404178 0.0390361 -230.652 0.0545046 0.026832 0.998153 18.5359 0 0 0 1
0.430459 0.901202 -0.0504025 -21.1349 -0.900755 0.432482 0.0399908 -231.727 0.057838 0.0281859 0.997928 18.6063 0 0 0 1
0.458332 0.887094 -0.0547398 -20.6034 -0.886657 0.460624 0.0407979 -232.8 0.0614061 0.0298365 0.997667 18.6792 0 0 0 1
0.485509 0.872316 -0.0578413 -20.0385 -0.871959 0.487954 0.0398567 -233.846 0.0629915 0.0310844 0.99753 18.7593 0 0 0 1
0.512069 0.856876 -0.0595718 -19.4371 -0.856692 0.514516 0.0367826 -234.901 0.0621688 0.0321995 0.997546 18.8293 0 0 0 1
0.537247 0.841287 -0.0600121 -18.8024 -0.841173 0.539651 0.0347057 -235.939 0.061583 0.031835 0.997594 18.8973 0 0 0 1
0.560379 0.826053 -0.0600952 -18.1408 -0.825887 0.562778 0.0345226 -236.951 0.0623378 0.030286 0.997595 18.9662 0 0 0 1
0.581342 0.811378 -0.0608841 -17.4471 -0.811166 0.583789 0.0346364 -237.952 0.0636467 0.0292515 0.997544 19.0447 0 0 0 1
0.600866 0.797025 -0.0609201 -16.7269 -0.796837 0.603273 0.0333581 -238.94 0.0633388 0.0284996 0.997585 19.1259 0 0 0 1
0.619273 0.782844 -0.060474 -15.9845 -0.782749 0.621576 0.0307905 -239.905 0.0616934 0.0282682 0.997695 19.2063 0 0 0 1
0.636438 0.768912 -0.0609988 -15.2175 -0.768981 0.638679 0.0275146 -240.862 0.060115 0.0293956 0.997758 19.2845 0 0 0 1
0.652526 0.755246 -0.0617488 -14.4277 -0.755432 0.654744 0.0251671 -241.802 0.059437 0.0302248 0.997774 19.3599 0 0 0 1
0.667817 0.741592 -0.0637354 -13.6249 -0.741935 0.670084 0.0227876 -242.737 0.0596072 0.0320696 0.997707 19.4256 0 0 0 1
0.682763 0.727751 -0.0649098 -12.8029 -0.728111 0.685094 0.0223515 -243.659 0.0607357 0.0320008 0.997641 19.4977 0 0 0 1
0.697721 0.713305 -0.0661892 -11.949 -0.713745 0.700093 0.0209162 -244.55 0.0612583 0.0326485 0.997588 19.5766 0 0 0 1
0.71264 0.698495 -0.0651823 -11.065 -0.698983 0.714891 0.0187868 -245.429 0.0597208 0.0321731 0.997697 19.6613 0 0 0 1
0.726939 0.683704 -0.0640937 -10.1729 -0.684308 0.729029 0.0154474 -246.298 0.0572877 0.0326306 0.997824 19.7317 0 0 0 1
0.740944 0.668499 -0.0641176 -9.26285 -0.669154 0.742995 0.0138144 -247.148 0.0568739 0.0326689 0.997847 19.8007 0 0 0 1
0.75424 0.653129 -0.0674115 -8.33532 -0.653914 0.756462 0.012745 -247.981 0.0593184 0.0344685 0.997644 19.8694 0 0 0 1
0.766645 0.638307 -0.0694266 -7.38696 -0.639137 0.768993 0.0124207 -248.799 0.0613168 0.0348509 0.99751 19.9445 0 0 0 1
0.778288 0.624099 -0.0690585 -6.41584 -0.624936 0.780593 0.0113893 -249.6 0.0610146 0.034293 0.997548 20.0212 0 0 0 1
0.789372 0.610115 -0.0682086 -5.42813 -0.611029 0.791558 0.00897713 -250.387 0.0594681 0.0345911 0.997631 20.0994 0 0 0 1
0.800081 0.595979 -0.0683986 -4.42199 -0.597053 0.802182 0.00574345 -251.16 0.0582911 0.0362423 0.997642 20.1775 0 0 0 1
