1 -1.67504e-10 -3.57554e-10 -2.60753e-11 -1.67504e-10 1 1.37088e-11 5.69013e-11 -3.57554e-10 1.37088e-11 1 1.19677e-10 0 0 0 1
1 -0.000690589 -0.000134287 1.19917 0.000690684 1 0.000715453 0.0114488 0.000133791 -0.000715545 1 0.0204774 0 0 0 1
0.999999 -0.00137303 -0.000267981 2.38452 0.00137341 0.999998 0.00142247 0.0227659 0.000266026 -0.00142283 0.999999 0.0407186 0 0 0 1
0.999998 -0.0020589 -0.00040335 3.57613 0.00205975 0.999996 0.00213302 0.0341429 0.000398956 -0.00213384 0.999998 0.0610664 0 0 0 1
0.999996 -0.0027447 -0.000539711 4.76796 0.00274622 0.999992 0.0028435 0.0455221 0.000531901 -0.00284497 0.999996 0.0814177 0 0 0 1
0.999994 -0.00343222 -0.000677425 5.96312 0.00343461 0.999988 0.00355576 0.0569333 0.000665211 -0.00355807 0.999993 0.101826 0 0 0 1
0.999991 -0.00411696 -0.000815584 7.15377 0.0041204 0.999982 0.00426514 0.0683016 0.00079801 -0.00426846 0.999991 0.122156 0 0 0 1
0.999988 -0.00480274 -0.00095496 8.34657 0.00480743 0.999976 0.00497559 0.0796905 0.000931039 -0.00498012 0.999987 0.142523 0 0 0 1
0.999984 -0.00548759 -0.00109515 9.5381 0.00549373 0.999969 0.00568507 0.0910673 0.00106392 -0.005691 0.999983 0.162868 0 0 0 1
0.99998 -0.00617236 -0.00123633 10.7298 0.00618014 0.99996 0.00639447 0.102446 0.00119681 -0.00640198 0.999979 0.183215 0 0 0 1
0.999976 -0.0068569 -0.00137847 11.9215 0.00686653 0.999951 0.00710363 0.113825 0.0013297 -0.00711292 0.999974 0.203562 0 0 0 1
0.99997 -0.00754157 -0.00152164 13.1138 0.00755324 0.999941 0.00781292 0.125209 0.00146263 -0.00782418 0.999968 0.223918 0 0 0 1
0.999965 -0.00819182 -0.00163982 14.3055 0.0082053 0.999931 0.0083855 0.136499 0.00157102 -0.00839866 0.999963 0.244135 0 0 0 1
0.999956 -0.00914151 -0.0019879 15.4988 0.00916125 0.999906 0.0101588 0.148598 0.00189485 -0.0101766 0.999946 0.265512 0 0 0 1
0.999952 -0.0095901 -0.0019364 16.6899 0.00960879 0.999905 0.00988362 0.159318 0.00184143 -0.00990175 0.999949 0.284921 0 0 0 1
0.999947 -0.0101853 -0.00161331 17.8836 0.0101999 0.999905 0.00931035 0.169811 0.00151832 -0.00932631 0.999955 0.304089 0 0 0 1
0.999942 -0.0106772 -0.00121685 19.0794 0.0106877 0.999903 0.00896956 0.181147 0.00112096 -0.00898205 0.999959 0.322497 0 0 0 1
0.999933 -0.0113575 -0.00215111 20.273 0.0113768 0.999893 0.00919982 0.193793 0.00204639 -0.00922368 0.999955 0.340988 0 0 0 1
0.999925 -0.0118331 -0.00319699 21.4676 0.0118612 0.99989 0.00893551 0.207103 0.0030909 -0.00897276 0.999955 0.359274 0 0 0 1
0.999916 -0.0126571 -0.00261602 22.662 0.0126815 0.999874 0.00953522 0.222109 0.002495 -0.0095676 0.999951 0.378815 0 0 0 1
0.999907 -0.0133822 -0.0024981 23.8563 0.013406 0.999862 0.00976652 0.23753 0.00236706 -0.0097991 0.999949 0.399228 0 0 0 1
0.999893 -0.0142825 -0.00327954 25.0503 0.0143139 0.99985 0.00976472 0.253165 0.00313958 -0.00981061 0.999947 0.419863 0 0 0 1
0.999881 -0.0151196 -0.00295879 26.2468 0.0151485 0.999835 0.0100212 0.270775 0.00280679 -0.0100648 0.999945 0.438114 0 0 0 1
0.999874 -0.0158566 -0.00079082 27.4457 0.0158632 0.999832 0.00915256 0.287994 0.000645558 -0.00916396 0.999958 0.457172 0 0 0 1
0.999859 -0.0167533 -0.000589838 28.6413 0.0167577 0.999823 0.00850253 0.305847 0.000447288 -0.00851122 0.999964 0.473261 0 0 0 1
0.999844 -0.0175417 -0.00196995 29.8326 0.0175567 0.999815 0.0078734 0.324589 0.00183147 -0.00790676 0.999967 0.491097 0 0 0 1
0.999825 -0.0185178 -0.00277656 31.0324 0.0185377 0.999801 0.00734471 0.343906 0.00264 -0.00739489 0.999969 0.509507 0 0 0 1
0.99981 -0.0192682 -0.00279738 32.2365 0.0192894 0.999784 0.00775099 0.365734 0.00264743 -0.00780348 0.999966 0.528803 0 0 0 1
0.999799 -0.0199322 -0.00224401 33.4251 0.019948 0.999775 0.00727704 0.387047 0.00209846 -0.00732034 0.999971 0.549066 0 0 0 1
0.999786 -0.0205804 -0.00198797 34.6199 0.0205939 0.999763 0.00702777 0.409472 0.00184287 -0.00706721 0.999973 0.569934 0 0 0 1
0.999776 -0.0210704 -0.001905 35.8178 0.021082 0.999758 0.00626758 0.431994 0.00177247 -0.00630634 0.999978 0.589059 0 0 0 1
0.999763 -0.0216652 -0.00191604 37.0147 0.0216769 0.999745 0.00633028 0.456304 0.00177841 -0.00637031 0.999978 0.609007 0 0 0 1
0.99976 -0.0218687 -0.0014034 38.2126 0.021876 0.999746 0.00545433 0.479821 0.00128376 -0.00548372 0.999984 0.62929 0 0 0 1
0.999763 -0.0217935 -0.000199581 39.4115 0.0217943 0.999747 0.00558709 0.505199 7.77668e-05 -0.00559012 0.999984 0.648771 0 0 0 1
0.999765 -0.0216587 0.000736226 40.6087 0.0216538 0.999747 0.00605707 0.530612 -0.00086723 -0.0060397 0.999981 0.668276 0 0 0 1
0.999767 -0.021606 0.000305388 41.8051 0.0216034 0.999743 0.00685156 0.556778 -0.000453345 -0.00684337 0.999976 0.68686 0 0 0 1
0.999769 -0.0215055 0.00019551 43.0025 0.0215034 0.999739 0.00768066 0.583551 -0.000360637 -0.00767468 0.99997 0.703782 0 0 0 1
0.999776 -0.0210807 0.00164855 44.2025 0.021062 0.999721 0.0106569 0.61392 -0.00187275 -0.0106198 0.999942 0.719516 0 0 0 1
0.999798 -0.0195325 0.00479183 45.4029 0.0194792 0.99975 0.0109373 0.639986 -0.00500427 -0.0108417 0.999929 0.732939 0 0 0 1
0.999813 -0.0178313 0.00754626 46.6037 0.0177438 0.999776 0.0115075 0.664169 -0.00774977 -0.0113714 0.999905 0.743338 0 0 0 1
0.999811 -0.016116 0.010868 47.8095 0.0159876 0.999803 0.011796 0.685208 -0.011056 -0.01162 0.999871 0.750551 0 0 0 1
0.999805 -0.0148436 0.0130023 49.0128 0.0146945 0.999826 0.0114882 0.703913 -0.0131706 -0.0112949 0.999849 0.756491 0 0 0 1
0.999847 -0.0133234 0.0113203 50.2117 0.0132125 0.999864 0.00981691 0.719019 -0.0114496 -0.00966584 0.999888 0.758033 0 0 0 1
0.999885 -0.0122322 0.00901995 51.4127 0.0121391 0.999873 0.0103033 0.73544 -0.00914484 -0.0101926 0.999906 0.761072 0 0 0 1
0.999896 -0.0114322 0.00884076 52.614 0.0113307 0.99987 0.0114579 0.752696 -0.00897061 -0.0113565 0.999895 0.766329 0 0 0 1
0.9999 -0.0113685 0.00838521 53.8195 0.0112803 0.999881 0.0104851 0.766262 -0.00850342 -0.0103894 0.99991 0.772824 0 0 0 1
0.999898 -0.0120864 0.00766535 55.0235 0.0120109 0.99988 0.00981292 0.781165 -0.00778303 -0.00971985 0.999922 0.780155 0 0 0 1
0.999878 -0.013623 0.00758967 56.2286 0.013547 0.999859 0.00997 0.797352 -0.00772442 -0.00986597 0.999922 0.787727 0 0 0 1
0.999844 -0.0151754 0.00908668 57.4364 0.0150845 0.999836 0.00998234 0.815889 -0.00923668 -0.00984371 0.999909 0.798092 0 0 0 1
0.999825 -0.0161464 0.0094542 58.6414 0.016052 0.999821 0.00997226 0.836253 -0.00961353 -0.00981876 0.999906 0.805543 0 0 0 1
0.999814 -0.0169928 0.0091701 59.8474 0.0168923 0.999798 0.0109258 0.858969 -0.0093539 -0.0107689 0.999898 0.812442 0 0 0 1
0.999802 -0.017709 0.00903316 61.051 0.0176063 0.999781 0.011314 0.881742 -0.00923154 -0.0111528 0.999895 0.820105 0 0 0 1
0.999804 -0.0178634 0.00848824 62.2547 0.0177724 0.999785 0.0106696 0.903749 -0.00867701 -0.0105166 0.999907 0.828021 0 0 0 1
0.999809 -0.0180451 0.00752343 63.4565 0.0179743 0.999795 0.00937769 0.92402 -0.00769111 -0.00924067 0.999928 0.836237 0 0 0 1
0.999795 -0.0184053 0.00845763 64.6568 0.0183295 0.999792 0.00895324 0.946197 -0.00862066 -0.00879638 0.999924 0.843168 0 0 0 1
0.999769 -0.0186697 0.010642 65.86 0.0185748 0.999787 0.00894247 0.968538 -0.0108067 -0.00874274 0.999903 0.85168 0 0 0 1
0.999778 -0.0189523 0.00918551 67.0572 0.018866 0.999778 0.00938396 0.992544 -0.00936132 -0.00920858 0.999914 0.857641 0 0 0 1
0.999791 -0.0190176 0.00747486 68.2506 0.0189355 0.999761 0.0108961 1.01852 -0.0076803 -0.0107523 0.999913 0.862356 0 0 0 1
0.999788 -0.0191284 0.00760159 69.4449 0.019028 0.999734 0.0130577 1.04562 -0.00784934 -0.0129103 0.999886 0.870372 0 0 0 1
0.999787 -0.0190928 0.00783 70.636 0.0189749 0.999709 0.0148661 1.07188 -0.00811157 -0.0147144 0.999859 0.8782 0 0 0 1
0.999787 -0.0189135 0.0082834 71.826 0.0187748 0.999687 0.0165195 1.09772 -0.00859325 -0.0163604 0.999829 0.885623 0 0 0 1
0.999796 -0.0179688 0.00922441 73.0124 0.0178108 0.999698 0.0169325 1.12114 -0.00952589 -0.0167648 0.999814 0.894715 0 0 0 1
0.999825 -0.0159398 0.00982892 74.1978 0.0157549 0.999703 0.0186112 1.14395 -0.0101227 -0.0184531 0.999778 0.903125 0 0 0 1
0.99987 -0.0132721 0.00912187 75.3759 0.0131059 0.999751 0.0180418 1.15993 -0.00935906 -0.0179199 0.999796 0.914015 0 0 0 1
0.999935 -0.0108052 0.00366519 76.5509 0.0107508 0.999836 0.0145618 1.16808 -0.00382193 -0.0145214 0.999887 0.922026 0 0 0 1
0.999963 -0.00833266 0.00200571 77.7264 0.00830136 0.999851 0.0151357 1.17744 -0.00213153 -0.0151185 0.999883 0.933478 0 0 0 1
0.999967 -0.00548624 0.00593946 78.9051 0.0053999 0.999881 0.014457 1.18308 -0.00601807 -0.0144244 0.999878 0.94889 0 0 0 1
0.999966 -0.00220828 0.00794224 80.0792 0.00209242 0.999892 0.0145657 1.18491 -0.00797355 -0.0145486 0.999862 0.961675 0 0 0 1
0.999982 0.00182138 0.00578517 81.2453 -0.00190814 0.999885 0.0150271 1.18538 -0.00575714 -0.0150379 0.99987 0.970661 0 0 0 1
0.99998 0.00534008 0.00328531 82.4098 -0.0053861 0.999885 0.0141631 1.17757 -0.0032093 -0.0141805 0.999894 0.982467 0 0 0 1
0.999961 0.00879379 -0.000532415 83.5685 -0.00878627 0.99988 0.0127872 1.16453 0.000644797 -0.012782 0.999918 0.997782 0 0 0 1
0.999926 0.0121016 -0.00156959 84.728 -0.0120819 0.999856 0.0119548 1.14867 0.00171404 -0.0119349 0.999927 1.01494 0 0 0 1
0.999877 0.015701 0.000398069 85.8878 -0.0157046 0.999807 0.011777 1.1313 -0.000213083 -0.0117818 0.999931 1.03303 0 0 0 1
0.999809 0.019512 0.00139279 87.0422 -0.0195283 0.999726 0.0128942 1.1105 -0.00114082 -0.0129189 0.999916 1.05016 0 0 0 1
0.99973 0.0232258 -0.000856257 88.1948 -0.0232131 0.999651 0.0125947 1.08343 0.00114848 -0.0125714 0.99992 1.0673 0 0 0 1
0.999642 0.026555 -0.00337663 89.3443 -0.0265116 0.999573 0.0123006 1.05177 0.00370183 -0.0122067 0.999919 1.08423 0 0 0 1
0.999548 0.0298202 -0.00370905 90.4945 -0.0297721 0.99948 0.0124096 1.01665 0.00407717 -0.0122936 0.999916 1.10336 0 0 0 1
0.999463 0.0326751 -0.00246855 91.6478 -0.0326459 0.999406 0.0110769 0.976586 0.00282902 -0.0109904 0.999936 1.12324 0 0 0 1
0.999371 0.0354505 -0.00112169 92.8028 -0.035437 0.999318 0.0103359 0.932793 0.00148734 -0.0102897 0.999946 1.14151 0 0 0 1
0.999271 0.0381758 0.000754118 93.9588 -0.0381813 0.999225 0.00952886 0.885628 -0.000389762 -0.00955071 0.999954 1.15883 0 0 0 1
0.999173 0.0406139 0.00191355 95.1145 -0.0406286 0.999139 0.00841159 0.834182 -0.00157027 -0.00848238 0.999963 1.17574 0 0 0 1
0.999078 0.0429255 -0.000260747 96.2672 -0.0429225 0.999053 0.00713524 0.780421 0.000566782 -0.00711747 0.999974 1.1916 0 0 0 1
0.998972 0.0451752 -0.00386312 97.4248 -0.0451528 0.998964 0.0056908 0.722337 0.0041162 -0.00551051 0.999976 1.20777 0 0 0 1
0.998858 0.0472716 -0.00697344 98.5837 -0.0472297 0.998866 0.00605949 0.664211 0.00725198 -0.00572321 0.999957 1.22578 0 0 0 1
0.998771 0.048908 -0.00797412 99.7512 -0.0488591 0.998786 0.00621746 0.603463 0.00826853 -0.00582021 0.999949 1.24711 0 0 0 1
0.998747 0.0495055 -0.00734646 100.926 -0.0494598 0.998756 0.00627942 0.542613 0.00764819 -0.0059082 0.999953 1.27003 0 0 0 1
0.998798 0.0487315 -0.00533577 102.107 -0.0486967 0.998793 0.00646815 0.482172 0.00564453 -0.00620053 0.999965 1.29313 0 0 0 1
0.998871 0.0473463 -0.00375428 103.291 -0.0473242 0.998863 0.00577339 0.421471 0.00402336 -0.0055892 0.999976 1.31558 0 0 0 1
0.998967 0.0453381 -0.00312029 104.482 -0.0453186 0.998954 0.00604038 0.361287 0.00339089 -0.00589273 0.999977 1.33737 0 0 0 1
0.999077 0.0428718 -0.00254994 105.68 -0.0428554 0.999062 0.00617139 0.305264 0.00281213 -0.00605642 0.999978 1.3576 0 0 0 1
0.999206 0.0397666 -0.00258473 106.879 -0.0397487 0.999188 0.00663387 0.252449 0.00284644 -0.00652586 0.999975 1.37802 0 0 0 1
0.999347 0.0360072 -0.00289189 108.084 -0.0359828 0.99932 0.00806922 0.205948 0.00318048 -0.00795989 0.999963 1.39827 0 0 0 1
0.999481 0.0320957 -0.0027383 109.291 -0.0320724 0.999452 0.00818479 0.161975 0.00299949 -0.00809272 0.999963 1.41888 0 0 0 1
0.999606 0.0280344 -0.00165576 110.504 -0.0280188 0.999569 0.00880432 0.122209 0.00190187 -0.00875446 0.99996 1.44093 0 0 0 1
0.999719 0.0236995 -0.000881726 111.72 -0.0236906 0.999679 0.00896243 0.0878054 0.00109385 -0.00893903 0.999959 1.46186 0 0 0 1
0.999815 0.0192388 -0.000183804 112.936 -0.0192363 0.999774 0.00908805 0.0580547 0.000358604 -0.00908283 0.999959 1.48173 0 0 0 1
0.999896 0.0144443 -4.13243e-05 114.155 -0.0144433 0.999851 0.00944072 0.0351753 0.000177682 -0.00943914 0.999955 1.50046 0 0 0 1
0.999955 0.0095003 -7.91569e-05 115.375 -0.00949899 0.999902 0.01024 0.0189345 0.000176432 -0.0102388 0.999948 1.52009 0 0 0 1
0.99999 0.00454309 -0.000420557 116.599 -0.00453832 0.999932 0.0107241 0.00739428 0.000469248 -0.0107221 0.999942 1.54101 0 0 0 1
0.999999 -0.000103338 -0.00106404 117.824 0.000115653 0.999933 0.011581 0.00194596 0.00106277 -0.0115811 0.999932 1.56358 0 0 0 1
0.999992 -0.00379832 -0.00141261 119.053 0.0038169 0.999903 0.0133931 0.00310752 0.0013616 -0.0133984 0.999909 1.58595 0 0 0 1
0.999982 -0.00593235 -0.00124869 120.284 0.00595126 0.999859 0.015724 0.00925599 0.00115523 -0.0157311 0.999876 1.60822 0 0 0 1
0.999975 -0.00690036 -0.00154851 121.515 0.00692522 0.999837 0.0166691 0.0163336 0.00143323 -0.0166794 0.99986 1.62949 0 0 0 1
0.999967 -0.00800101 -0.00115862 122.756 0.00802138 0.999791 0.0187924 0.027115 0.00100802 -0.0188011 0.999823 1.64887 0 0 0 1
0.999959 -0.00903287 -1.21596e-05 123.997 0.00903128 0.999755 0.0201979 0.0383205 -0.000170289 -0.0201971 0.999796 1.66817 0 0 0 1
0.999952 -0.00978756 -5.71027e-05 125.238 0.00978671 0.999747 0.0202312 0.0490526 -0.000140927 -0.0202308 0.999795 1.68763 0 0 0 1
0.999942 -0.010701 0.0016032 126.484 0.0106604 0.999667 0.0234962 0.066374 -0.0018541 -0.0234777 0.999723 1.70294 0 0 0 1
0.999925 -0.0113838 0.0045045 127.735 0.0112672 0.999621 0.0251204 0.0831229 -0.00478876 -0.0250678 0.999674 1.71761 0 0 0 1
0.999913 -0.0121645 0.00500522 128.985 0.0120405 0.999637 0.0240896 0.0975135 -0.00529645 -0.0240272 0.999697 1.72781 0 0 0 1
0.999915 -0.0126439 0.00308824 130.235 0.0125669 0.999638 0.0237938 0.11216 -0.00338797 -0.023753 0.999712 1.73602 0 0 0 1
0.999903 -0.0133695 0.00380055 131.49 0.0132865 0.99969 0.0210702 0.123405 -0.00408107 -0.0210177 0.999771 1.74627 0 0 0 1
0.99988 -0.0144188 0.00574065 132.749 0.0143091 0.999723 0.0187141 0.133542 -0.0060089 -0.0186297 0.999808 1.7575 0 0 0 1
0.999862 -0.0147366 0.00762132 134.011 0.0146138 0.999766 0.0159243 0.146567 -0.00785422 -0.0158107 0.999844 1.76661 0 0 0 1
0.999842 -0.0150709 0.00947382 135.275 0.0149359 0.999788 0.0141621 0.160465 -0.00968526 -0.0140184 0.999855 1.77394 0 0 0 1
0.99986 -0.0149095 0.00754519 136.538 0.0148354 0.999842 0.00978475 0.171749 -0.00768989 -0.00967145 0.999924 1.77912 0 0 0 1
0.999872 -0.0148913 0.00586739 137.805 0.0148494 0.999864 0.00712386 0.182296 -0.00597268 -0.00703582 0.999957 1.78637 0 0 0 1
0.999875 -0.0146938 0.00585199 139.072 0.0146614 0.999877 0.00553819 0.194813 -0.00593265 -0.0054517 0.999968 1.79547 0 0 0 1
0.999876 -0.0144277 0.00627203 140.346 0.0143933 0.999881 0.00549288 0.21121 -0.00635053 -0.00540193 0.999965 1.80559 0 0 0 1
0.999873 -0.0137538 0.00805304 141.622 0.0137068 0.999889 0.00586721 0.228165 -0.00813285 -0.00575609 0.99995 1.81487 0 0 0 1
0.999866 -0.013112 0.00978745 142.896 0.0130291 0.999879 0.00848956 0.247865 -0.00989758 -0.0083609 0.999916 1.82334 0 0 0 1
0.999881 -0.0125251 0.00899219 144.169 0.0124481 0.999886 0.00856339 0.264131 -0.00909843 -0.00845044 0.999923 1.83035 0 0 0 1
0.999907 -0.0120787 0.00638505 145.44 0.0120218 0.999888 0.00886445 0.279834 -0.00649141 -0.00878686 0.99994 1.83719 0 0 0 1
0.999923 -0.0116282 0.00431864 146.71 0.0115889 0.999892 0.00902178 0.295657 -0.00442309 -0.00897104 0.99995 1.84787 0 0 0 1
0.999936 -0.0113135 0.000208249 147.977 0.0113115 0.999906 0.00773831 0.308515 -0.000295779 -0.00773546 0.99997 1.86242 0 0 0 1
0.999937 -0.0107593 -0.00327667 149.243 0.0107847 0.999911 0.00782681 0.323037 0.00319217 -0.00786165 0.999964 1.87885 0 0 0 1
0.999934 -0.0105725 -0.00439622 150.508 0.0106057 0.999915 0.00758236 0.336589 0.00431568 -0.00762849 0.999962 1.9009 0 0 0 1
0.999935 -0.0106689 -0.00401005 151.772 0.0106984 0.999915 0.00740817 0.348834 0.00393067 -0.00745059 0.999964 1.92663 0 0 0 1
0.999937 -0.0106416 -0.00366577 153.041 0.0106708 0.999911 0.00805431 0.363971 0.00357973 -0.00809292 0.999961 1.94961 0 0 0 1
0.999938 -0.0109074 -0.00245616 154.305 0.0109287 0.999901 0.00886545 0.378691 0.00235921 -0.00889174 0.999958 1.97214 0 0 0 1
0.999936 -0.0111712 -0.00189467 155.57 0.0111884 0.999894 0.00933381 0.395432 0.00179019 -0.00935441 0.999955 1.99196 0 0 0 1
0.999929 -0.0117098 -0.00215447 156.834 0.01173 0.999885 0.00959871 0.410526 0.00204182 -0.0096233 0.999952 2.01108 0 0 0 1
0.999922 -0.012353 -0.00198925 158.095 0.0123721 0.999874 0.00991493 0.426745 0.00186652 -0.00993876 0.999949 2.02992 0 0 0 1
0.999914 -0.0130521 -0.000891062 159.36 0.0130599 0.999871 0.0093534 0.441973 0.000768864 -0.00936424 0.999956 2.04985 0 0 0 1
0.999906 -0.0137225 -0.000596278 160.622 0.0137279 0.999854 0.010219 0.459689 0.000455959 -0.0102263 0.999948 2.0699 0 0 0 1
0.999896 -0.0143193 -0.00154306 161.882 0.0143347 0.999842 0.0105016 0.477456 0.00139244 -0.0105226 0.999944 2.0895 0 0 0 1
0.999882 -0.0151244 -0.0026555 163.144 0.0151526 0.999825 0.0109421 0.496767 0.00248955 -0.010981 0.999937 2.10818 0 0 0 1
0.999873 -0.0157428 -0.00265781 164.409 0.0157731 0.999806 0.0117764 0.517942 0.0024719 -0.0118169 0.999927 2.12905 0 0 0 1
0.99986 -0.0163884 -0.00334384 165.67 0.0164257 0.999799 0.0114549 0.537933 0.00315544 -0.0115083 0.999929 2.15143 0 0 0 1
0.999842 -0.0171784 -0.00455886 166.933 0.0172307 0.999783 0.0117069 0.559142 0.00435677 -0.0117836 0.999921 2.1735 0 0 0 1
0.999832 -0.0177995 -0.00440928 168.195 0.0178508 0.99977 0.011878 0.580759 0.00419684 -0.0119547 0.99992 2.19592 0 0 0 1
0.999823 -0.0185467 -0.00299983 169.461 0.0185821 0.999753 0.0122199 0.603882 0.00277245 -0.0122735 0.999921 2.21963 0 0 0 1
0.999811 -0.0192969 -0.00254322 170.724 0.0193267 0.999738 0.0122876 0.627561 0.00230544 -0.0123344 0.999921 2.24244 0 0 0 1
0.999799 -0.0199448 -0.00225544 171.99 0.0199718 0.999721 0.012646 0.652366 0.00200259 -0.0126885 0.999918 2.26378 0 0 0 1
0.999784 -0.0206743 -0.00191271 173.254 0.0206976 0.9997 0.0130781 0.678193 0.00164176 -0.0131149 0.999913 2.28452 0 0 0 1
0.99977 -0.0212626 -0.00270238 174.518 0.0212967 0.999685 0.013285 0.704816 0.00241905 -0.0133395 0.999908 2.30576 0 0 0 1
0.999759 -0.0216942 -0.00339711 175.779 0.0217407 0.999661 0.0143146 0.731751 0.00308542 -0.014385 0.999892 2.32689 0 0 0 1
0.999751 -0.0221126 -0.00289281 177.047 0.0221523 0.999649 0.0145125 0.757892 0.00257089 -0.014573 0.999891 2.34975 0 0 0 1
0.999741 -0.0224329 -0.00379747 178.31 0.0224855 0.999643 0.0144329 0.784214 0.00347235 -0.0145145 0.999889 2.37308 0 0 0 1
0.999731 -0.0224709 -0.00566208 179.57 0.0225436 0.99966 0.0131203 0.808121 0.00536533 -0.0132444 0.999898 2.3964 0 0 0 1
0.999727 -0.0227509 -0.00527243 180.832 0.0228036 0.999688 0.010166 0.831163 0.0050395 -0.0102835 0.999934 2.42017 0 0 0 1
0.999731 -0.0231015 -0.00203744 182.094 0.0231209 0.999682 0.0101004 0.856059 0.00180345 -0.0101448 0.999947 2.44341 0 0 0 1
0.999724 -0.0232871 0.00312194 183.359 0.0232552 0.999681 0.00987058 0.882399 -0.0033508 -0.00979525 0.999946 2.46461 0 0 0 1
0.999722 -0.0234739 0.00234784 184.616 0.0234488 0.999673 0.0102043 0.910341 -0.00258661 -0.0101464 0.999945 2.48088 0 0 0 1
0.999731 -0.0231819 -0.000762752 185.865 0.0231894 0.999661 0.0118681 0.939746 0.000487367 -0.0118826 0.999929 2.49706 0 0 0 1
0.999721 -0.0234407 -0.00298786 187.114 0.0234754 0.999651 0.0121555 0.968038 0.00270188 -0.0122222 0.999922 2.5166 0 0 0 1
0.999717 -0.0236134 -0.00289669 188.361 0.0236459 0.999652 0.0117331 0.99416 0.00261862 -0.0117983 0.999927 2.53907 0 0 0 1
0.999722 -0.0235645 -0.00125065 189.608 0.0235776 0.999653 0.0117747 1.0211 0.000972756 -0.0118009 0.99993 2.56095 0 0 0 1
0.999725 -0.0234405 0.000743918 190.854 0.02343 0.999655 0.0118737 1.04771 -0.00102199 -0.011853 0.999929 2.58294 0 0 0 1
0.999738 -0.0228405 0.00171679 192.093 0.0228197 0.999676 0.0112821 1.07241 -0.00197392 -0.01124 0.999935 2.60414 0 0 0 1
0.999768 -0.021498 0.00126713 193.327 0.0214823 0.999705 0.0113261 1.09582 -0.00151025 -0.0112963 0.999935 2.62528 0 0 0 1
0.999798 -0.0200836 -0.000386925 194.558 0.0200865 0.999749 0.00994857 1.11577 0.000187023 -0.00995434 0.99995 2.64561 0 0 0 1
0.999822 -0.0188096 -0.00179434 195.785 0.0188265 0.999774 0.00990777 1.13475 0.00160757 -0.00993978 0.999949 2.66907 0 0 0 1
0.999845 -0.0174382 -0.00257644 197.005 0.0174608 0.999807 0.00902028 1.15059 0.00241865 -0.00906387 0.999956 2.69383 0 0 0 1
0.999867 -0.0162095 -0.0016933 198.223 0.0162244 0.999826 0.00916223 1.16653 0.00154449 -0.00918848 0.999957 2.71876 0 0 0 1
0.99989 -0.0148501 0.00034431 199.436 0.0148464 0.999851 0.008857 1.18055 -0.000475786 -0.00885092 0.999961 2.74254 0 0 0 1
0.999906 -0.0137 0.00077299 200.644 0.013692 0.999861 0.00956394 1.19445 -0.000903909 -0.00955246 0.999954 2.7653 0 0 0 1
0.99992 -0.0126082 0.000601726 201.846 0.012602 0.999877 0.00936237 1.20622 -0.000719696 -0.00935404 0.999956 2.78633 0 0 0 1
0.999932 -0.0116224 0.000915982 203.041 0.0116129 0.999885 0.00975243 1.21671 -0.00102922 -0.00974113 0.999952 2.80688 0 0 0 1
0.999944 -0.0105115 0.00135179 204.229 0.0104974 0.999895 0.0100191 1.22501 -0.00145697 -0.0100043 0.999949 2.82894 0 0 0 1
0.999952 -0.00973796 0.0010233 205.408 0.00972723 0.999903 0.0100126 1.23276 -0.0011207 -0.0100021 0.999949 2.84807 0 0 0 1
0.99996 -0.00884236 0.00114609 206.578 0.00883038 0.99991 0.0100642 1.24011 -0.00123498 -0.0100536 0.999949 2.86781 0 0 0 1
0.999965 -0.00827344 0.00132663 207.735 0.00826134 0.999926 0.00888631 1.2448 -0.00140006 -0.00887504 0.99996 2.88772 0 0 0 1
0.999966 -0.00806263 0.00191674 208.878 0.00804562 0.99993 0.00872025 1.24977 -0.00198692 -0.00870453 0.99996 2.90725 0 0 0 1
0.999959 -0.00839128 0.00329733 210.008 0.00836387 0.999931 0.00824055 1.25473 -0.00336625 -0.00821264 0.999961 2.92725 0 0 0 1
0.999953 -0.00908268 0.00325302 211.12 0.00905483 0.999923 0.00847882 1.26271 -0.00332978 -0.00844897 0.999959 2.94486 0 0 0 1
0.999953 -0.0094428 0.00226253 212.217 0.00942265 0.999917 0.00875778 1.27211 -0.00234505 -0.00873604 0.999959 2.96254 0 0 0 1
0.99995 -0.00986889 0.00136181 213.301 0.00985616 0.99991 0.00906295 1.28261 -0.00145113 -0.00904907 0.999958 2.98005 0 0 0 1
0.999945 -0.0104246 0.00116134 214.372 0.0104137 0.999905 0.00899471 1.29256 -0.00125499 -0.00898212 0.999959 2.99832 0 0 0 1
0.999933 -0.0115375 0.00122384 215.432 0.0115268 0.999898 0.00843305 1.30301 -0.00132102 -0.00841838 0.999964 3.01685 0 0 0 1
0.999912 -0.0131326 0.00195839 216.475 0.0131164 0.999882 0.00803999 1.3139 -0.00206375 -0.0080136 0.999966 3.03521 0 0 0 1
0.99988 -0.0151102 0.00340001 217.513 0.0150862 0.999862 0.00697114 1.32502 -0.00350488 -0.00691901 0.99997 3.05265 0 0 0 1
0.999834 -0.0173475 0.00553229 218.535 0.0173076 0.999824 0.00718193 1.34013 -0.00565591 -0.00708499 0.999959 3.06893 0 0 0 1
0.999792 -0.0195923 0.00562692 219.539 0.0195506 0.999782 0.00737745 1.358 -0.00577024 -0.00726591 0.999957 3.08434 0 0 0 1
0.99974 -0.0222706 0.0049576 220.523 0.0222319 0.999723 0.00773334 1.37885 -0.00512846 -0.00762111 0.999958 3.09681 0 0 0 1
0.999675 -0.0250043 0.00496854 221.489 0.0249651 0.999658 0.0077932 1.40038 -0.0051617 -0.00766663 0.999957 3.11006 0 0 0 1
0.999596 -0.0278726 0.00558809 222.431 0.0278255 0.999578 0.00834408 1.42467 -0.00581831 -0.00818521 0.99995 3.12523 0 0 0 1
0.999508 -0.030862 0.00552899 223.351 0.0308134 0.999487 0.00868122 1.45077 -0.00579408 -0.00850659 0.999947 3.14052 0 0 0 1
0.999413 -0.0339134 0.00481208 224.248 0.0338711 0.999389 0.00860707 1.47854 -0.00510103 -0.00843903 0.999951 3.15456 0 0 0 1
0.999301 -0.0371335 0.00431744 225.122 0.0370964 0.999277 0.00837858 1.50785 -0.00462544 -0.00821257 0.999956 3.16866 0 0 0 1
0.999181 -0.0402509 0.00403929 225.975 0.0402108 0.999146 0.00955527 1.54129 -0.00442045 -0.00938502 0.999946 3.1838 0 0 0 1
0.99906 -0.0432377 0.00312661 226.805 0.0432052 0.999018 0.00982074 1.57543 -0.00354816 -0.00967643 0.999947 3.19956 0 0 0 1
0.998954 -0.0456163 0.00313764 227.618 0.0455766 0.998892 0.0117397 1.61312 -0.00366969 -0.0115844 0.999926 3.21329 0 0 0 1
0.998915 -0.0464476 0.00327831 228.412 0.0464031 0.998844 0.0125386 1.64921 -0.0038569 -0.0123729 0.999916 3.22664 0 0 0 1
0.99892 -0.046251 0.00444408 229.189 0.0461919 0.998853 0.0126021 1.68322 -0.00502184 -0.0123832 0.999911 3.24054 0 0 0 1
0.998938 -0.0457622 0.00528544 229.947 0.0456922 0.998875 0.0126984 1.71528 -0.0058606 -0.0124434 0.999905 3.25455 0 0 0 1
0.998956 -0.0454388 0.00473492 230.688 0.0453766 0.998892 0.0124987 1.74622 -0.0052976 -0.0122707 0.999911 3.26742 0 0 0 1
0.998979 -0.0450856 0.00279269 231.418 0.0450458 0.998901 0.0129718 1.77766 -0.00337446 -0.0128327 0.999912 3.27819 0 0 0 1
0.999022 -0.0442165 0.00062401 232.146 0.0442047 0.998938 0.0129953 1.8074 -0.00119796 -0.012955 0.999915 3.28945 0 0 0 1
0.999072 -0.043065 -0.00071663 232.868 0.0430707 0.998987 0.0130274 1.83667 0.000154878 -0.0130462 0.999915 3.30128 0 0 0 1
0.999134 -0.0415863 -0.00119213 233.59 0.0415988 0.99904 0.0137629 1.86518 0.000618634 -0.0138006 0.999905 3.31419 0 0 0 1
0.999203 -0.0398825 -0.00139464 234.308 0.0398974 0.999116 0.0132073 1.89052 0.00086667 -0.0132525 0.999912 3.32701 0 0 0 1
0.999276 -0.0380336 -0.0013563 235.022 0.0380481 0.999191 0.0130362 1.91447 0.000859384 -0.0130783 0.999914 3.34 0 0 0 1
0.999351 -0.035989 -0.0013894 235.733 0.0360041 0.999265 0.013128 1.93887 0.000915918 -0.0131695 0.999913 3.35248 0 0 0 1
0.999425 -0.0338792 -0.00162417 236.439 0.0338974 0.999342 0.0128888 1.9606 0.00118644 -0.0129365 0.999916 3.36469 0 0 0 1
0.999518 -0.0310071 -0.00132502 237.142 0.0310217 0.999434 0.0130221 1.98128 0.00092049 -0.013057 0.999914 3.37572 0 0 0 1
0.999613 -0.0277964 -0.000715516 237.842 0.0278031 0.99954 0.0121281 1.99785 0.000378068 -0.0121433 0.999926 3.38671 0 0 0 1
0.99969 -0.0249047 -0.000170057 238.539 0.024905 0.999628 0.0111044 2.01136 -0.000106559 -0.0111052 0.999938 3.39998 0 0 0 1
0.99976 -0.021906 8.71346e-05 239.231 0.0219038 0.999701 0.0108458 2.02325 -0.000324698 -0.0108413 0.999941 3.41356 0 0 0 1
0.999821 -0.0189403 -0.000159145 239.919 0.0189409 0.999766 0.0104755 2.03323 -3.93012e-05 -0.0104766 0.999945 3.42709 0 0 0 1
0.999871 -0.0160551 -0.000572677 240.607 0.0160602 0.999818 0.0102777 2.04115 0.000407562 -0.0102855 0.999947 3.43872 0 0 0 1
0.999913 -0.0130961 -0.00146625 241.295 0.0131118 0.999851 0.0112588 2.04874 0.00131858 -0.011277 0.999936 3.45047 0 0 0 1
0.999946 -0.0102203 -0.00210227 241.989 0.0102433 0.999885 0.0111987 2.05445 0.00198757 -0.0112196 0.999935 3.46324 0 0 0 1
0.999972 -0.00738828 -0.00115563 242.685 0.00740082 0.999909 0.0112527 2.05801 0.00107238 -0.0112609 0.999936 3.47544 0 0 0 1
0.999988 -0.00483087 -0.000455193 243.388 0.0048359 0.999919 0.0117856 2.06255 0.000398221 -0.0117876 0.99993 3.48727 0 0 0 1
0.999997 -0.00252298 -0.000586809 244.091 0.00252959 0.99993 0.0115386 2.0641 0.000557656 -0.01154 0.999933 3.49877 0 0 0 1
0.999998 -0.00021087 -0.00176498 244.795 0.000230967 0.999935 0.0113945 2.06472 0.00176246 -0.0113949 0.999934 3.50982 0 0 0 1
0.999989 0.0015527 -0.00433206 245.503 -0.00150239 0.999932 0.0115939 2.06368 0.00434976 -0.0115873 0.999923 3.51884 0 0 0 1
0.99998 0.00253161 -0.00586777 246.218 -0.00246771 0.999938 0.0108732 2.0615 0.00589493 -0.0108585 0.999924 3.52793 0 0 0 1
0.999974 0.00272972 -0.00669656 246.94 -0.00265729 0.999938 0.0108017 2.05827 0.00672563 -0.0107836 0.999919 3.54005 0 0 0 1
0.999972 0.00290938 -0.00692147 247.668 -0.00283978 0.999946 0.0100443 2.05513 0.00695032 -0.0100243 0.999926 3.55429 0 0 0 1
0.99997 0.00308634 -0.00709193 248.402 -0.00300852 0.999935 0.0109578 2.05362 0.00712529 -0.0109361 0.999915 3.56885 0 0 0 1
0.999964 0.00339959 -0.0077773 249.143 -0.00330771 0.999925 0.011797 2.05258 0.00781682 -0.0117708 0.9999 3.58459 0 0 0 1
0.999946 0.00364332 -0.0097697 249.889 -0.00353455 0.999932 0.011128 2.04983 0.00980957 -0.0110929 0.99989 3.59967 0 0 0 1
0.999925 0.00404144 -0.0115899 250.642 -0.00395618 0.999965 0.0073698 2.04262 0.0116192 -0.00732339 0.999906 3.61554 0 0 0 1
0.999912 0.00437339 -0.0125594 251.403 -0.00432252 0.999982 0.00407507 2.03482 0.012577 -0.00402042 0.999913 3.62918 0 0 0 1
0.999943 0.00493539 -0.00946428 252.177 -0.00488175 0.999972 0.00568222 2.03381 0.00949206 -0.0056357 0.999939 3.64275 0 0 0 1
0.999979 0.00551141 -0.00334379 252.962 -0.00547756 0.999934 0.0100518 2.0377 0.00339897 -0.0100333 0.999944 3.65879 0 0 0 1
0.999979 0.00629977 0.00137094 253.749 -0.0063129 0.999932 0.00979241 2.03372 -0.00130915 -0.00980086 0.999951 3.67249 0 0 0 1
0.999966 0.00822119 -0.000533188 254.544 -0.00821646 0.999931 0.00833723 2.02378 0.000601693 -0.00833257 0.999965 3.68256 0 0 0 1
0.999902 0.0122522 -0.00684229 255.339 -0.0121869 0.999881 0.00950364 2.01772 0.00695791 -0.00941932 0.999931 3.68785 0 0 0 1
0.999803 0.0162596 -0.0113452 256.145 -0.0161271 0.999802 0.0116782 2.00963 0.0115328 -0.0114929 0.999867 3.69751 0 0 0 1
0.999749 0.0194671 -0.011135 256.962 -0.0193201 0.999727 0.013163 1.99612 0.0113882 -0.0129445 0.999851 3.71125 0 0 0 1
0.999706 0.0226768 -0.00852749 257.791 -0.0225751 0.999675 0.0118338 1.97602 0.00879307 -0.0116378 0.999894 3.72795 0 0 0 1
0.999659 0.0255563 -0.00539671 258.626 -0.0255081 0.999636 0.00880541 1.95056 0.00561978 -0.00866475 0.999947 3.74451 0 0 0 1
0.999595 0.0282337 -0.00363376 259.463 -0.0282103 0.999582 0.0063371 1.92399 0.00381116 -0.00623203 0.999973 3.75766 0 0 0 1
0.999502 0.0314046 -0.00304726 260.302 -0.0313855 0.999489 0.0061358 1.89891 0.0032384 -0.00603711 0.999977 3.77244 0 0 0 1
0.99941 0.033975 -0.00494513 261.137 -0.0339328 0.999389 0.00839635 1.87387 0.00522737 -0.0082236 0.999953 3.78831 0 0 0 1
0.999313 0.0363598 -0.00723194 261.974 -0.0362952 0.999302 0.00887561 1.84347 0.0075496 -0.00860703 0.999934 3.80292 0 0 0 1
0.999212 0.0389589 -0.0075995 262.813 -0.0388884 0.999201 0.00921769 1.81035 0.00795254 -0.00891489 0.999929 3.81813 0 0 0 1
0.999108 0.0418464 -0.0056 263.655 -0.0417882 0.999075 0.0101356 1.77683 0.00601895 -0.00989253 0.999933 3.83676 0 0 0 1
0.998976 0.0451114 -0.00354741 264.498 -0.0450672 0.998916 0.011673 1.74288 0.00407015 -0.0115012 0.999926 3.85594 0 0 0 1
0.998848 0.0478708 -0.0034392 265.337 -0.0478255 0.998781 0.0122356 1.70452 0.00402073 -0.012057 0.999919 3.87279 0 0 0 1
0.998713 0.0505375 -0.00417077 266.18 -0.0504837 0.998651 0.0121227 1.66107 0.00477779 -0.0118966 0.999918 3.8881 0 0 0 1
0.998577 0.0531412 -0.00457778 267.023 -0.0530907 0.998534 0.0105386 1.61169 0.0051311 -0.0102805 0.999934 3.90332 0 0 0 1
0.99848 0.0549538 -0.00415562 267.869 -0.0549214 0.998462 0.00754074 1.56072 0.00456362 -0.00730105 0.999963 3.91727 0 0 0 1
0.99843 0.0558674 -0.00410682 268.717 -0.0558419 0.998421 0.00607861 1.50845 0.00443993 -0.00583974 0.999973 3.93133 0 0 0 1
0.998397 0.0564473 -0.0041522 269.564 -0.0564249 0.998393 0.00532999 1.45907 0.00444638 -0.00508716 0.999977 3.94708 0 0 0 1
0.998368 0.0569576 -0.00407274 270.417 -0.0569361 0.998364 0.00521316 1.40901 0.00436301 -0.00497277 0.999978 3.96315 0 0 0 1
0.998372 0.056929 -0.00364 271.269 -0.0569097 0.998366 0.0051878 1.35915 0.00392939 -0.0049722 0.99998 3.97843 0 0 0 1
0.998405 0.056379 -0.00301159 272.124 -0.0563611 0.998394 0.0057335 1.31105 0.00333 -0.00555462 0.999979 3.99587 0 0 0 1
0.998464 0.0552689 -0.00377451 272.978 -0.0552483 0.998458 0.00536125 1.26281 0.004065 -0.00514448 0.999979 4.01266 0 0 0 1
0.998547 0.0536884 -0.00464197 273.83 -0.0536628 0.998544 0.00547879 1.21845 0.00492936 -0.00522173 0.999974 4.02719 0 0 0 1
0.998628 0.0520659 -0.00557193 274.686 -0.0520308 0.998626 0.00625597 1.17589 0.00589 -0.00595748 0.999965 4.04209 0 0 0 1
0.998701 0.0506357 -0.0056411 275.538 -0.0505938 0.998692 0.00733945 1.13361 0.00600536 -0.00704451 0.999957 4.05716 0 0 0 1
0.99878 0.0490406 -0.00572814 276.389 -0.0489913 0.998763 0.00845271 1.09345 0.00613558 -0.00816177 0.999948 4.07363 0 0 0 1
0.99889 0.0468146 -0.00527246 277.239 -0.0467664 0.998866 0.00891829 1.05395 0.00568398 -0.00866182 0.999946 4.08943 0 0 0 1
0.999022 0.0440464 -0.00385006 278.087 -0.0440115 0.998993 0.0087078 1.01637 0.00422973 -0.00852984 0.999955 4.10557 0 0 0 1
0.999202 0.0399129 -0.00163236 278.932 -0.0399 0.999177 0.00728027 0.980426 0.00192159 -0.00720933 0.999972 4.12134 0 0 0 1
0.999382 0.035156 0.000290773 279.771 -0.0351572 0.999364 0.00604593 0.948519 -7.80376e-05 -0.00605242 0.999982 4.13635 0 0 0 1
0.999537 0.0303874 0.00162494 280.604 -0.030396 0.999523 0.00552303 0.922174 -0.00145633 -0.00556987 0.999983 4.15005 0 0 0 1
0.999669 0.0256501 0.0021629 281.425 -0.0256608 0.999658 0.00507428 0.900456 -0.002032 -0.0051281 0.999985 4.16203 0 0 0 1
0.999773 0.02111 0.00280849 282.239 -0.0211227 0.999766 0.00455745 0.881442 -0.00271163 -0.00461574 0.999986 4.17323 0 0 0 1
0.999861 0.0164345 0.00296862 283.039 -0.0164449 0.999859 0.00351843 0.865386 -0.00291038 -0.00356676 0.999989 4.18444 0 0 0 1
0.999921 0.0123126 0.00263962 283.823 -0.0123207 0.999919 0.00309469 0.855467 -0.0026013 -0.00312697 0.999992 4.19503 0 0 0 1
0.999962 0.00834008 0.00251087 284.591 -0.00834884 0.999959 0.00349787 0.851845 -0.00248159 -0.0035187 0.999991 4.20347 0 0 0 1
0.999987 0.00450367 0.00255405 285.341 -0.00451337 0.999983 0.00380679 0.852189 -0.00253687 -0.00381826 0.999989 4.21246 0 0 0 1
0.999996 0.000712003 0.00266333 286.072 -0.000721414 0.999994 0.00353434 0.852924 -0.0026608 -0.00353624 0.99999 4.22296 0 0 0 1
0.999992 -0.00347807 0.00187765 286.78 0.00347311 0.99999 0.00263769 0.855688 -0.00188681 -0.00263115 0.999995 4.23411 0 0 0 1
0.999965 -0.00840502 0.000422259 287.469 0.00840337 0.999958 0.00375879 0.865158 -0.000453835 -0.00375511 0.999993 4.24551 0 0 0 1
0.999891 -0.0147103 -0.00152714 288.136 0.0147182 0.999877 0.00533582 0.880455 0.00144846 -0.00535772 0.999985 4.25675 0 0 0 1
0.999733 -0.022866 -0.00341666 288.787 0.0228867 0.999719 0.00613927 0.899701 0.00327532 -0.00621583 0.999975 4.26725 0 0 0 1
0.999441 -0.0331216 -0.0045317 289.425 0.0331484 0.999433 0.00595711 0.9237 0.00433182 -0.006104 0.999972 4.27977 0 0 0 1
0.998906 -0.0464885 -0.00497044 290.053 0.0465194 0.998897 0.00630331 0.95723 0.00467193 -0.00652764 0.999968 4.29353 0 0 0 1
0.998016 -0.0628089 -0.00431718 290.665 0.0628387 0.997998 0.00714762 1.00216 0.0038596 -0.00740473 0.999965 4.30566 0 0 0 1
0.996591 -0.0824041 -0.00394317 291.267 0.0824389 0.996549 0.00967872 1.06249 0.003132 -0.0099708 0.999945 4.31703 0 0 0 1
0.994495 -0.104694 -0.0044038 291.844 0.104737 0.994437 0.0112168 1.13134 0.00320497 -0.0116163 0.999927 4.32711 0 0 0 1
0.991525 -0.129824 -0.00494726 292.418 0.129876 0.991452 0.0124785 1.214 0.00328496 -0.0130153 0.99991 4.33815 0 0 0 1
0.98754 -0.157282 -0.00513284 292.978 0.157339 0.987448 0.01383 1.31231 0.00289319 -0.0144653 0.999891 4.34828 0 0 0 1
0.982263 -0.187453 -0.00463517 293.51 0.187503 0.982149 0.0150183 1.42627 0.0017372 -0.015621 0.999876 4.35706 0 0 0 1
0.975307 -0.220828 -0.00329123 294.043 0.220852 0.975196 0.0147367 1.55559 -4.4691e-05 -0.0150997 0.999886 4.36516 0 0 0 1
0.966536 -0.256522 -0.00202221 294.56 0.256524 0.966426 0.0147056 1.70098 -0.001818 -0.0147322 0.99989 4.37709 0 0 0 1
0.955921 -0.293625 -0.000358999 295.04 0.293593 0.955798 0.0159055 1.86315 -0.00432711 -0.0153098 0.999873 4.39044 0 0 0 1
0.943243 -0.332103 0.0010839 295.523 0.332035 0.943108 0.0173026 2.04542 -0.00676847 -0.0159606 0.99985 4.40208 0 0 0 1
0.928437 -0.371482 0.00237767 295.964 0.371385 0.928308 0.017805 2.24104 -0.00882146 -0.0156478 0.999839 4.41193 0 0 0 1
0.91136 -0.411595 0.00368839 296.417 0.411475 0.911252 0.0175557 2.45619 -0.0105869 -0.0144818 0.999839 4.41813 0 0 0 1
0.891563 -0.452875 0.00441372 296.858 0.452746 0.891476 0.0170538 2.68849 -0.011658 -0.0132062 0.999845 4.42404 0 0 0 1
0.868858 -0.495034 0.0052626 297.247 0.494901 0.868797 0.0163105 2.93527 -0.0126464 -0.011567 0.999853 4.43125 0 0 0 1
0.843222 -0.537525 0.00660965 297.655 0.53739 0.843196 0.0152275 3.20175 -0.0137584 -0.00928819 0.999862 4.43583 0 0 0 1
0.814459 -0.580166 0.00803187 298.046 0.58002 0.814463 0.0150876 3.48625 -0.015295 -0.00762956 0.999854 4.44052 0 0 0 1
0.782774 -0.622261 0.00748114 298.375 0.6221 0.782768 0.0162992 3.78932 -0.0159984 -0.0081046 0.999839 4.4437 0 0 0 1
0.747782 -0.663896 0.00799438 298.725 0.66375 0.747801 0.0151772 4.11084 -0.0160543 -0.00604298 0.999853 4.44997 0 0 0 1
0.709052 -0.70507 0.0110143 299.008 0.704933 0.709134 0.0140781 4.44398 -0.0177367 -0.00221777 0.99984 4.45422 0 0 0 1
0.665754 -0.745978 0.0169907 299.321 0.745877 0.665959 0.0129223 4.79477 -0.0209548 0.00406992 0.999772 4.45249 0 0 0 1
0.6181 -0.785819 0.0209939 299.604 0.785757 0.618398 0.0130089 5.1596 -0.0232052 0.00845529 0.999695 4.45056 0 0 0 1
0.567199 -0.823307 0.0212371 299.797 0.823193 0.567535 0.0160609 5.53683 -0.0252758 0.00837253 0.999645 4.44558 0 0 0 1
0.514484 -0.85732 0.0175902 300.011 0.857039 0.514771 0.0222504 5.92988 -0.0281307 0.00362803 0.999598 4.44746 0 0 0 1
0.45955 -0.888037 0.0142645 300.2 0.887645 0.459771 0.0264107 6.32698 -0.030012 0.00052475 0.999549 4.44506 0 0 0 1
0.402621 -0.915281 0.0125157 300.306 0.914853 0.402816 0.0279897 6.72135 -0.03066 0.000180733 0.99953 4.43749 0 0 0 1
0.344878 -0.938562 0.0126634 300.445 0.938099 0.345106 0.029541 7.12044 -0.0320963 0.00169151 0.999483 4.42941 0 0 0 1
0.286273 -0.958048 0.0138516 300.504 0.957515 0.28658 0.0322051 7.52282 -0.0348237 0.00404361 0.999385 4.42109 0 0 0 1
0.226876 -0.97382 0.0141815 300.592 0.973184 0.227247 0.0356608 7.93111 -0.03795 0.00571067 0.999263 4.4156 0 0 0 1
0.164942 -0.986188 0.0150756 300.655 0.985475 0.165411 0.0384546 8.34747 -0.0404172 0.00851382 0.999147 4.40787 0 0 0 1
0.101097 -0.99479 0.0131406 300.632 0.993946 0.101565 0.0418977 8.77068 -0.0430141 0.00882527 0.999035 4.39819 0 0 0 1
0.0362061 -0.999264 0.012639 300.641 0.998234 0.0367591 0.0466746 9.20928 -0.0471049 0.0109268 0.99883 4.38876 0 0 0 1
-0.0298391 -0.999491 0.0112852 300.622 0.998175 -0.0292031 0.0528528 9.6549 -0.0524963 0.0128417 0.998538 4.37617 0 0 0 1
-0.0970724 -0.99523 0.00967458 300.513 0.993594 -0.0963386 0.0590701 10.1068 -0.0578564 0.0153467 0.998207 4.35763 0 0 0 1
-0.16376 -0.986474 0.00714649 300.433 0.984497 -0.162962 0.0648803 10.5671 -0.0628381 0.0176605 0.997867 4.34239 0 0 0 1
-0.229402 -0.973315 0.005743 300.259 0.971005 -0.228442 0.0704492 11.0276 -0.0672574 0.0217377 0.997499 4.32067 0 0 0 1
-0.293626 -0.95591 0.00451406 300.116 0.953356 -0.292489 0.0745889 11.4937 -0.0699799 0.0262047 0.997204 4.2997 0 0 0 1
-0.355342 -0.934731 0.00314915 299.938 0.932066 -0.35407 0.0767256 11.9581 -0.0706028 0.030199 0.997047 4.27614 0 0 0 1
-0.414621 -0.909992 0.00220887 299.668 0.907344 -0.413227 0.0772713 12.418 -0.0694035 0.0340425 0.997008 4.25026 0 0 0 1
-0.47021 -0.882554 0.000732524 299.418 0.879957 -0.468763 0.077056 12.8801 -0.0676627 0.0368771 0.997026 4.21966 0 0 0 1
-0.522111 -0.852877 -0.000902079 299.084 0.850312 -0.520622 0.0769533 13.3397 -0.0661013 0.0394111 0.997034 4.18646 0 0 0 1
-0.568655 -0.822571 -0.00282148 298.759 0.820014 -0.567151 0.0769166 13.8011 -0.0648696 0.0414254 0.997033 4.15225 0 0 0 1
-0.609671 -0.792634 -0.0056188 298.394 0.789991 -0.608188 0.0775989 14.265 -0.0649249 0.042871 0.996969 4.12179 0 0 0 1
-0.64723 -0.762265 -0.00668475 297.966 0.75944 -0.64554 0.0807995 14.7294 -0.0659059 0.0472192 0.996708 4.0871 0 0 0 1
-0.684418 -0.729068 -0.00566242 297.537 0.725947 -0.682168 0.0874493 15.1971 -0.0676192 0.0557413 0.996153 4.05314 0 0 0 1
-0.720464 -0.693462 -0.00656297 297.033 0.690018 -0.717768 0.093192 15.657 -0.0693357 0.0626129 0.995626 4.01319 0 0 0 1
-0.753563 -0.657322 -0.00833926 296.519 0.653759 -0.750687 0.0952227 16.1037 -0.0688522 0.0663046 0.995421 3.9742 0 0 0 1
-0.783875 -0.620849 -0.00929841 295.938 0.617577 -0.78112 0.0919208 16.5353 -0.0643321 0.0663119 0.995723 3.93458 0 0 0 1
